"","GAME_DATE_EST","Home Team","Away Team","PTS_home","PTS_away","Spread","Total","OREB_home","OREB_away","OREB"
"1",2020-12-19,"Orlando Magic","Charlotte Hornets",120,117,3,237,13,11,24
"2",2020-12-19,"Washington Wizards","Detroit Pistons",99,96,3,195,4,8,12
"3",2020-12-19,"Memphis Grizzlies","Atlanta Hawks",116,117,-1,233,10,8,18
"4",2020-12-18,"Indiana Pacers","Philadelphia 76ers",107,113,-6,220,20,9,29
"5",2020-12-18,"Toronto Raptors","Miami Heat",105,117,-12,222,8,4,12
"6",2020-12-18,"New York Knicks","Cleveland Cavaliers",119,83,36,202,7,6,13
"7",2020-12-18,"Boston Celtics","Brooklyn Nets",89,113,-24,202,11,8,19
"8",2020-12-18,"New Orleans Pelicans","Milwaukee Bucks",127,113,14,240,15,12,27
"9",2020-12-18,"Oklahoma City Thunder","Chicago Bulls",103,105,-2,208,9,12,21
"10",2020-12-18,"Denver Nuggets","Portland Trail Blazers",129,96,33,225,17,11,28
"11",2020-12-18,"Phoenix Suns","Los Angeles Lakers",113,114,-1,227,9,3,12
"12",2020-12-17,"Orlando Magic","Charlotte Hornets",115,123,-8,238,13,10,23
"13",2020-12-17,"Washington Wizards","Detroit Pistons",86,97,-11,183,8,4,12
"14",2020-12-17,"Houston Rockets","San Antonio Spurs",128,106,22,234,5,9,14
"15",2020-12-17,"Memphis Grizzlies","Atlanta Hawks",128,106,22,234,11,8,19
"16",2020-12-17,"Dallas Mavericks","Minnesota Timberwolves",127,129,-2,256,8,12,20
"17",2020-12-17,"Sacramento Kings","Golden State Warriors",105,113,-8,218,9,9,18
"18",2020-12-17,"Los Angeles Clippers","Utah Jazz",105,125,-20,230,5,7,12
"19",2020-12-16,"New York Knicks","Cleveland Cavaliers",100,93,7,193,6,12,18
"20",2020-12-16,"Oklahoma City Thunder","Chicago Bulls",103,124,-21,227,11,9,20
"21",2020-12-16,"Denver Nuggets","Portland Trail Blazers",126,95,31,221,11,10,21
"22",2020-12-16,"Phoenix Suns","Los Angeles Lakers",107,112,-5,219,11,8,19
"23",2020-12-15,"Philadelphia 76ers","Boston Celtics",108,99,9,207,10,12,22
"24",2020-12-15,"Houston Rockets","San Antonio Spurs",112,98,14,210,11,11,22
"25",2020-12-15,"Sacramento Kings","Golden State Warriors",114,113,1,227,8,10,18
"26",2020-12-14,"Cleveland Cavaliers","Indiana Pacers",116,106,10,222,10,6,16
"27",2020-12-14,"Charlotte Hornets","Toronto Raptors",109,112,-3,221,8,7,15
"28",2020-12-14,"Miami Heat","New Orleans Pelicans",92,114,-22,206,7,15,22
"29",2020-12-14,"Milwaukee Bucks","Dallas Mavericks",112,128,-16,240,6,12,18
"30",2020-12-14,"Minnesota Timberwolves","Memphis Grizzlies",104,123,-19,227,7,6,13
"31",2020-12-14,"Utah Jazz","Phoenix Suns",111,92,19,203,9,2,11
"32",2020-12-13,"Atlanta Hawks","Orlando Magic",116,107,9,223,12,9,21
"33",2020-12-13,"Brooklyn Nets","Washington Wizards",119,114,5,233,5,13,18
"34",2020-12-13,"Detroit Pistons","New York Knicks",99,91,8,190,7,13,20
"35",2020-12-13,"Chicago Bulls","Houston Rockets",104,91,13,195,15,9,24
"36",2020-12-13,"Los Angeles Lakers","Los Angeles Clippers",131,106,25,237,9,7,16
"37",2020-12-13,"Portland Trail Blazers","Sacramento Kings",106,121,-15,227,11,10,21
"38",2020-12-12,"Charlotte Hornets","Toronto Raptors",100,111,-11,211,8,4,12
"39",2020-12-12,"Cleveland Cavaliers","Indiana Pacers",107,104,3,211,11,8,19
"40",2020-12-12,"San Antonio Spurs","Oklahoma City Thunder",108,121,-13,229,11,8,19
"41",2020-12-12,"Milwaukee Bucks","Dallas Mavericks",102,112,-10,214,10,9,19
"42",2020-12-12,"Minnesota Timberwolves","Memphis Grizzlies",105,107,-2,212,10,12,22
"43",2020-12-12,"Golden State Warriors","Denver Nuggets",107,105,2,212,5,12,17
"44",2020-12-12,"Utah Jazz","Phoenix Suns",119,105,14,224,7,11,18
"45",2020-12-11,"Atlanta Hawks","Orlando Magic",112,116,-4,228,19,10,29
"46",2020-12-11,"Detroit Pistons","New York Knicks",84,90,-6,174,10,13,23
"47",2020-12-11,"Chicago Bulls","Houston Rockets",104,125,-21,229,14,10,24
"48",2020-12-11,"Los Angeles Lakers","Los Angeles Clippers",87,81,6,168,7,11,18
"49",2020-12-11,"Portland Trail Blazers","Sacramento Kings",127,102,25,229,8,11,19
"50",2020-10-11,"Miami Heat","Los Angeles Lakers",93,106,-13,199,9,12,21
"51",2020-10-09,"Los Angeles Lakers","Miami Heat",108,111,-3,219,12,9,21
"52",2020-10-06,"Miami Heat","Los Angeles Lakers",96,102,-6,198,7,10,17
"53",2020-10-04,"Miami Heat","Los Angeles Lakers",115,104,11,219,3,11,14
"54",2020-10-02,"Los Angeles Lakers","Miami Heat",124,114,10,238,16,6,22
"55",2020-09-30,"Los Angeles Lakers","Miami Heat",116,98,18,214,9,5,14
"56",2020-09-27,"Miami Heat","Boston Celtics",125,113,12,238,2,13,15
"57",2020-09-26,"Los Angeles Lakers","Denver Nuggets",117,107,10,224,5,9,14
"58",2020-09-25,"Boston Celtics","Miami Heat",121,108,13,229,13,6,19
"59",2020-09-24,"Denver Nuggets","Los Angeles Lakers",108,114,-6,222,6,12,18
"60",2020-09-23,"Miami Heat","Boston Celtics",112,109,3,221,10,12,22
"61",2020-09-22,"Denver Nuggets","Los Angeles Lakers",114,106,8,220,9,4,13
"62",2020-09-20,"Los Angeles Lakers","Denver Nuggets",105,103,2,208,13,7,20
"63",2020-09-19,"Miami Heat","Boston Celtics",106,117,-11,223,12,10,22
"64",2020-09-18,"Los Angeles Lakers","Denver Nuggets",126,114,12,240,10,9,19
"65",2020-09-17,"Boston Celtics","Miami Heat",101,106,-5,207,6,11,17
"66",2020-09-15,"Boston Celtics","Miami Heat",114,117,-3,231,6,7,13
"67",2020-09-15,"Los Angeles Clippers","Denver Nuggets",89,104,-15,193,12,11,23
"68",2020-09-13,"Denver Nuggets","Los Angeles Clippers",111,98,13,209,6,9,15
"69",2020-09-12,"Los Angeles Lakers","Houston Rockets",119,96,23,215,6,9,15
"70",2020-09-11,"Los Angeles Clippers","Denver Nuggets",105,111,-6,216,10,6,16
"71",2020-09-11,"Toronto Raptors","Boston Celtics",87,92,-5,179,7,10,17
"72",2020-09-10,"Houston Rockets","Los Angeles Lakers",100,110,-10,210,1,12,13
"73",2020-09-09,"Boston Celtics","Toronto Raptors",122,125,-3,247,14,8,22
"74",2020-09-09,"Denver Nuggets","Los Angeles Clippers",85,96,-11,181,5,9,14
"75",2020-09-08,"Milwaukee Bucks","Miami Heat",94,103,-9,197,13,5,18
"76",2020-09-08,"Houston Rockets","Los Angeles Lakers",102,112,-10,214,6,9,15
"77",2020-09-07,"Toronto Raptors","Boston Celtics",89,111,-22,200,10,4,14
"78",2020-09-07,"Denver Nuggets","Los Angeles Clippers",107,113,-6,220,8,3,11
"79",2020-09-06,"Miami Heat","Milwaukee Bucks",115,118,-3,233,6,9,15
"80",2020-09-06,"Los Angeles Lakers","Houston Rockets",117,109,8,226,9,8,17
"81",2020-09-05,"Boston Celtics","Toronto Raptors",93,100,-7,193,6,8,14
"82",2020-09-05,"Los Angeles Clippers","Denver Nuggets",101,110,-9,211,19,14,33
"83",2020-09-04,"Miami Heat","Milwaukee Bucks",115,100,15,215,9,8,17
"84",2020-09-04,"Los Angeles Lakers","Houston Rockets",97,112,-15,209,10,4,14
"85",2020-09-03,"Boston Celtics","Toronto Raptors",103,104,-1,207,7,6,13
"86",2020-09-03,"Los Angeles Clippers","Denver Nuggets",120,97,23,217,9,12,21
"87",2020-09-02,"Milwaukee Bucks","Miami Heat",114,116,-2,230,17,7,24
"88",2020-09-02,"Houston Rockets","Oklahoma City Thunder",104,102,2,206,11,7,18
"89",2020-09-01,"Toronto Raptors","Boston Celtics",99,102,-3,201,7,4,11
"90",2020-09-01,"Denver Nuggets","Utah Jazz",80,78,2,158,8,10,18
"91",2020-08-31,"Milwaukee Bucks","Miami Heat",104,115,-11,219,7,12,19
"92",2020-08-31,"Oklahoma City Thunder","Houston Rockets",104,100,4,204,10,4,14
"93",2020-08-30,"Toronto Raptors","Boston Celtics",94,112,-18,206,7,5,12
"94",2020-08-30,"Dallas Mavericks","Los Angeles Clippers",97,111,-14,208,8,8,16
"95",2020-08-30,"Utah Jazz","Denver Nuggets",107,119,-12,226,5,7,12
"96",2020-08-29,"Milwaukee Bucks","Orlando Magic",118,104,14,222,7,8,15
"97",2020-08-29,"Houston Rockets","Oklahoma City Thunder",114,80,34,194,10,15,25
"98",2020-08-29,"Los Angeles Lakers","Portland Trail Blazers",131,122,9,253,7,10,17
"99",2020-08-25,"Denver Nuggets","Utah Jazz",117,107,10,224,5,4,9
"100",2020-08-25,"Los Angeles Clippers","Dallas Mavericks",154,111,43,265,8,7,15
"101",2020-08-24,"Orlando Magic","Milwaukee Bucks",106,121,-15,227,5,8,13
"102",2020-08-24,"Oklahoma City Thunder","Houston Rockets",117,114,3,231,9,8,17
"103",2020-08-24,"Miami Heat","Indiana Pacers",99,87,12,186,17,5,22
"104",2020-08-24,"Portland Trail Blazers","Los Angeles Lakers",115,135,-20,250,17,12,29
"105",2020-08-23,"Philadelphia 76ers","Boston Celtics",106,110,-4,216,8,10,18
"106",2020-08-23,"Dallas Mavericks","Los Angeles Clippers",135,133,2,268,11,8,19
"107",2020-08-23,"Brooklyn Nets","Toronto Raptors",122,150,-28,272,12,12,24
"108",2020-08-23,"Utah Jazz","Denver Nuggets",129,127,2,256,6,17,23
"109",2020-08-22,"Orlando Magic","Milwaukee Bucks",107,121,-14,228,6,3,9
"110",2020-08-22,"Miami Heat","Indiana Pacers",124,115,9,239,7,7,14
"111",2020-08-22,"Oklahoma City Thunder","Houston Rockets",119,107,12,226,7,4,11
"112",2020-08-22,"Portland Trail Blazers","Los Angeles Lakers",108,116,-8,224,7,12,19
"113",2020-08-21,"Brooklyn Nets","Toronto Raptors",92,117,-25,209,9,8,17
"114",2020-08-21,"Utah Jazz","Denver Nuggets",124,87,37,211,13,16,29
"115",2020-08-21,"Philadelphia 76ers","Boston Celtics",94,102,-8,196,20,3,23
"116",2020-08-21,"Dallas Mavericks","Los Angeles Clippers",122,130,-8,252,7,8,15
"117",2020-08-20,"Indiana Pacers","Miami Heat",100,109,-9,209,4,7,11
"118",2020-08-20,"Houston Rockets","Oklahoma City Thunder",111,98,13,209,11,8,19
"119",2020-08-20,"Milwaukee Bucks","Orlando Magic",111,96,15,207,11,10,21
"120",2020-08-20,"Los Angeles Lakers","Portland Trail Blazers",111,88,23,199,14,10,24
"121",2020-08-19,"Toronto Raptors","Brooklyn Nets",104,99,5,203,8,7,15
"122",2020-08-19,"Denver Nuggets","Utah Jazz",105,124,-19,229,13,11,24
"123",2020-08-19,"Boston Celtics","Philadelphia 76ers",128,101,27,229,10,6,16
"124",2020-08-19,"Los Angeles Clippers","Dallas Mavericks",114,127,-13,241,9,8,17
"125",2020-08-18,"Milwaukee Bucks","Orlando Magic",110,122,-12,232,11,4,15
"126",2020-08-18,"Indiana Pacers","Miami Heat",101,113,-12,214,7,6,13
"127",2020-08-18,"Houston Rockets","Oklahoma City Thunder",123,108,15,231,4,7,11
"128",2020-08-18,"Los Angeles Lakers","Portland Trail Blazers",93,100,-7,193,17,5,22
"129",2020-08-17,"Denver Nuggets","Utah Jazz",135,125,10,260,8,16,24
"130",2020-08-17,"Toronto Raptors","Brooklyn Nets",134,110,24,244,9,9,18
"131",2020-08-17,"Boston Celtics","Philadelphia 76ers",109,101,8,210,16,15,31
"132",2020-08-17,"Los Angeles Clippers","Dallas Mavericks",118,110,8,228,11,5,16
"133",2020-08-15,"Portland Trail Blazers","Memphis Grizzlies",126,122,4,248,9,12,21
"134",2020-08-14,"Toronto Raptors","Denver Nuggets",117,109,8,226,13,9,22
"135",2020-08-14,"Indiana Pacers","Miami Heat",109,92,17,201,12,14,26
"136",2020-08-14,"Los Angeles Clippers","Oklahoma City Thunder",107,103,4,210,12,11,23
"137",2020-08-14,"Houston Rockets","Philadelphia 76ers",96,134,-38,230,1,8,9
"138",2020-08-13,"Boston Celtics","Washington Wizards",90,96,-6,186,13,18,31
"139",2020-08-13,"Los Angeles Lakers","Sacramento Kings",122,136,-14,258,15,9,24
"140",2020-08-13,"Memphis Grizzlies","Milwaukee Bucks",119,106,13,225,9,9,18
"141",2020-08-13,"Phoenix Suns","Dallas Mavericks",128,102,26,230,7,11,18
"142",2020-08-13,"Utah Jazz","San Antonio Spurs",118,112,6,230,12,9,21
"143",2020-08-13,"Brooklyn Nets","Portland Trail Blazers",133,134,-1,267,12,14,26
"144",2020-08-13,"Orlando Magic","New Orleans Pelicans",133,127,6,260,6,9,15
"145",2020-08-12,"Houston Rockets","Indiana Pacers",104,108,-4,212,6,12,18
"146",2020-08-12,"Philadelphia 76ers","Toronto Raptors",121,125,-4,246,9,11,20
"147",2020-08-12,"Oklahoma City Thunder","Miami Heat",116,115,1,231,14,6,20
"148",2020-08-12,"Denver Nuggets","Los Angeles Clippers",111,124,-13,235,9,6,15
"149",2020-08-11,"Orlando Magic","Brooklyn Nets",96,108,-12,204,12,8,20
"150",2020-08-11,"San Antonio Spurs","Houston Rockets",123,105,18,228,9,4,13
"151",2020-08-11,"Philadelphia 76ers","Phoenix Suns",117,130,-13,247,11,11,22
"152",2020-08-11,"Memphis Grizzlies","Boston Celtics",107,122,-15,229,14,10,24
"153",2020-08-11,"Dallas Mavericks","Portland Trail Blazers",131,134,-3,265,5,12,17
"154",2020-08-11,"Sacramento Kings","New Orleans Pelicans",112,106,6,218,14,5,19
"155",2020-08-11,"Washington Wizards","Milwaukee Bucks",113,126,-13,239,11,9,20
"156",2020-08-10,"Phoenix Suns","Oklahoma City Thunder",128,101,27,229,12,8,20
"157",2020-08-10,"Utah Jazz","Dallas Mavericks",114,122,-8,236,11,4,15
"158",2020-08-10,"Milwaukee Bucks","Toronto Raptors",106,114,-8,220,11,16,27
"159",2020-08-10,"Miami Heat","Indiana Pacers",114,92,22,206,13,6,19
"160",2020-08-10,"Los Angeles Lakers","Denver Nuggets",124,121,3,245,14,10,24
"161",2020-08-09,"Oklahoma City Thunder","Washington Wizards",121,103,18,224,8,13,21
"162",2020-08-09,"Toronto Raptors","Memphis Grizzlies",108,99,9,207,5,10,15
"163",2020-08-09,"New Orleans Pelicans","San Antonio Spurs",113,122,-9,235,16,15,31
"164",2020-08-09,"Boston Celtics","Orlando Magic",122,119,3,241,13,12,25
"165",2020-08-09,"Portland Trail Blazers","Philadelphia 76ers",124,121,3,245,7,14,21
"166",2020-08-09,"Sacramento Kings","Houston Rockets",112,129,-17,241,5,8,13
"167",2020-08-09,"Los Angeles Clippers","Brooklyn Nets",120,129,-9,249,10,8,18
"168",2020-08-08,"Portland Trail Blazers","Los Angeles Clippers",117,122,-5,239,9,9,18
"169",2020-08-08,"Denver Nuggets","Utah Jazz",134,132,2,266,12,15,27
"170",2020-08-08,"Indiana Pacers","Los Angeles Lakers",116,111,5,227,7,15,22
"171",2020-08-08,"Miami Heat","Phoenix Suns",112,119,-7,231,3,12,15
"172",2020-08-08,"Dallas Mavericks","Milwaukee Bucks",136,132,4,268,11,9,20
"173",2020-08-07,"San Antonio Spurs","Utah Jazz",119,111,8,230,8,10,18
"174",2020-08-07,"Memphis Grizzlies","Oklahoma City Thunder",121,92,29,213,12,12,24
"175",2020-08-07,"Brooklyn Nets","Sacramento Kings",119,106,13,225,7,13,20
"176",2020-08-07,"Philadelphia 76ers","Orlando Magic",108,101,7,209,15,10,25
"177",2020-08-07,"New Orleans Pelicans","Washington Wizards",118,107,11,225,11,10,21
"178",2020-08-07,"Toronto Raptors","Boston Celtics",100,122,-22,222,9,9,18
"179",2020-08-06,"Sacramento Kings","New Orleans Pelicans",140,125,15,265,13,5,18
"180",2020-08-06,"Milwaukee Bucks","Miami Heat",130,116,14,246,5,6,11
"181",2020-08-06,"Phoenix Suns","Indiana Pacers",114,99,15,213,12,5,17
"182",2020-08-06,"Dallas Mavericks","Los Angeles Clippers",111,126,-15,237,8,9,17
"183",2020-08-06,"Denver Nuggets","Portland Trail Blazers",115,125,-10,240,11,13,24
"184",2020-08-06,"Houston Rockets","Los Angeles Lakers",113,97,16,210,4,12,16
"185",2020-08-05,"Utah Jazz","Memphis Grizzlies",124,115,9,239,11,9,20
"186",2020-08-05,"Washington Wizards","Philadelphia 76ers",98,107,-9,205,9,6,15
"187",2020-08-05,"San Antonio Spurs","Denver Nuggets",126,132,-6,258,10,14,24
"188",2020-08-05,"Los Angeles Lakers","Oklahoma City Thunder",86,105,-19,191,10,4,14
"189",2020-08-05,"Orlando Magic","Toronto Raptors",99,109,-10,208,8,3,11
"190",2020-08-05,"Boston Celtics","Brooklyn Nets",149,115,34,264,6,7,13
"191",2020-08-04,"Milwaukee Bucks","Brooklyn Nets",116,119,-3,235,7,7,14
"192",2020-08-04,"Sacramento Kings","Dallas Mavericks",110,114,-4,224,8,17,25
"193",2020-08-04,"Los Angeles Clippers","Phoenix Suns",115,117,-2,232,8,11,19
"194",2020-08-04,"Indiana Pacers","Orlando Magic",120,109,11,229,2,11,13
"195",2020-08-04,"Miami Heat","Boston Celtics",112,106,6,218,12,14,26
"196",2020-08-04,"Portland Trail Blazers","Houston Rockets",110,102,8,212,15,5,20
"197",2020-08-03,"Miami Heat","Toronto Raptors",103,107,-4,210,8,3,11
"198",2020-08-03,"Oklahoma City Thunder","Denver Nuggets",113,121,-8,234,8,9,17
"199",2020-08-03,"Washington Wizards","Indiana Pacers",100,111,-11,211,9,9,18
"200",2020-08-03,"New Orleans Pelicans","Memphis Grizzlies",109,99,10,208,8,8,16
"201",2020-08-03,"Philadelphia 76ers","San Antonio Spurs",132,130,2,262,8,13,21
"202",2020-08-03,"Utah Jazz","Los Angeles Lakers",108,116,-8,224,7,4,11
"203",2020-08-02,"Brooklyn Nets","Washington Wizards",118,110,8,228,13,10,23
"204",2020-08-02,"Boston Celtics","Portland Trail Blazers",128,124,4,252,6,9,15
"205",2020-08-02,"Memphis Grizzlies","San Antonio Spurs",106,108,-2,214,3,12,15
"206",2020-08-02,"Orlando Magic","Sacramento Kings",132,116,16,248,12,9,21
"207",2020-08-02,"Houston Rockets","Milwaukee Bucks",120,116,4,236,6,17,23
"208",2020-08-02,"Phoenix Suns","Dallas Mavericks",117,115,2,232,6,10,16
"209",2020-08-01,"Denver Nuggets","Miami Heat",105,125,-20,230,13,6,19
"210",2020-08-01,"Oklahoma City Thunder","Utah Jazz",110,94,16,204,11,12,23
"211",2020-08-01,"Los Angeles Clippers","New Orleans Pelicans",126,103,23,229,8,9,17
"212",2020-08-01,"Indiana Pacers","Philadelphia 76ers",127,121,6,248,10,20,30
"213",2020-08-01,"Toronto Raptors","Los Angeles Lakers",107,92,15,199,7,8,15
"214",2020-07-31,"Brooklyn Nets","Orlando Magic",118,128,-10,246,10,6,16
"215",2020-07-31,"Portland Trail Blazers","Memphis Grizzlies",140,135,5,275,9,10,19
"216",2020-07-31,"Washington Wizards","Phoenix Suns",112,125,-13,237,8,4,12
"217",2020-07-31,"Milwaukee Bucks","Boston Celtics",119,112,7,231,7,14,21
"218",2020-07-31,"San Antonio Spurs","Sacramento Kings",129,120,9,249,9,8,17
"219",2020-07-31,"Dallas Mavericks","Houston Rockets",149,153,-4,302,13,7,20
"220",2020-07-30,"New Orleans Pelicans","Utah Jazz",104,106,-2,210,15,12,27
"221",2020-07-30,"Los Angeles Lakers","Los Angeles Clippers",103,101,2,204,11,4,15
"222",2020-07-28,"Miami Heat","Memphis Grizzlies",110,128,-18,238,5,11,16
"223",2020-07-28,"Phoenix Suns","Toronto Raptors",117,106,11,223,5,6,11
"224",2020-07-28,"Indiana Pacers","San Antonio Spurs",111,118,-7,229,12,7,19
"225",2020-07-28,"Portland Trail Blazers","Oklahoma City Thunder",120,131,-11,251,14,10,24
"226",2020-07-28,"Houston Rockets","Boston Celtics",137,112,25,249,8,10,18
"227",2020-07-28,"Philadelphia 76ers","Dallas Mavericks",115,118,-3,233,20,12,32
"228",2020-07-27,"Los Angeles Lakers","Washington Wizards",123,116,7,239,9,9,18
"229",2020-07-27,"Los Angeles Clippers","Sacramento Kings",102,106,-4,208,8,8,16
"230",2020-07-27,"Brooklyn Nets","Utah Jazz",107,112,-5,219,8,12,20
"231",2020-07-27,"Denver Nuggets","Orlando Magic",110,114,-4,224,6,12,18
"232",2020-07-27,"Milwaukee Bucks","New Orleans Pelicans",103,124,-21,227,10,6,16
"233",2020-07-26,"Oklahoma City Thunder","Philadelphia 76ers",102,97,5,199,14,10,24
"234",2020-07-26,"Boston Celtics","Phoenix Suns",117,103,14,220,7,10,17
"235",2020-07-26,"Dallas Mavericks","Indiana Pacers",111,118,-7,229,7,8,15
"236",2020-07-26,"Toronto Raptors","Portland Trail Blazers",110,104,6,214,13,12,25
"237",2020-07-26,"Memphis Grizzlies","Houston Rockets",104,119,-15,223,10,9,19
"238",2020-07-25,"Orlando Magic","Los Angeles Lakers",112,119,-7,231,20,8,28
"239",2020-07-25,"Sacramento Kings","Milwaukee Bucks",123,131,-8,254,7,7,14
"240",2020-07-25,"Utah Jazz","Miami Heat",101,99,2,200,6,6,12
"241",2020-07-25,"San Antonio Spurs","Brooklyn Nets",119,124,-5,243,12,8,20
"242",2020-07-25,"Washington Wizards","Los Angeles Clippers",100,105,-5,205,22,5,27
"243",2020-07-25,"New Orleans Pelicans","Denver Nuggets",119,104,15,223,6,14,20
"244",2020-07-24,"Philadelphia 76ers","Memphis Grizzlies",90,83,7,173,7,6,13
"245",2020-07-24,"Boston Celtics","Oklahoma City Thunder",84,98,-14,182,9,7,16
"246",2020-07-24,"Toronto Raptors","Houston Rockets",94,83,11,177,7,10,17
"247",2020-07-23,"Milwaukee Bucks","San Antonio Spurs",113,92,21,205,8,11,19
"248",2020-07-23,"Indiana Pacers","Portland Trail Blazers",91,88,3,179,8,5,13
"249",2020-07-23,"Los Angeles Lakers","Dallas Mavericks",104,108,-4,212,11,8,19
"250",2020-07-23,"Utah Jazz","Phoenix Suns",88,101,-13,189,3,9,12
"251",2020-07-22,"Los Angeles Clippers","Orlando Magic",99,90,9,189,10,9,19
"252",2020-07-22,"Denver Nuggets","Washington Wizards",89,82,7,171,10,13,23
"253",2020-07-22,"Brooklyn Nets","New Orleans Pelicans",68,99,-31,167,7,5,12
"254",2020-07-22,"Miami Heat","Sacramento Kings",104,98,6,202,5,2,7
"255",2020-03-11,"Philadelphia 76ers","Detroit Pistons",124,106,18,230,13,6,19
"256",2020-03-11,"Atlanta Hawks","New York Knicks",131,136,-5,267,15,6,21
"257",2020-03-11,"Miami Heat","Charlotte Hornets",98,109,-11,207,9,15,24
"258",2020-03-11,"Dallas Mavericks","Denver Nuggets",113,97,16,210,13,3,16
"259",2020-03-10,"Indiana Pacers","Boston Celtics",111,114,-3,225,10,11,21
"260",2020-03-10,"Washington Wizards","New York Knicks",122,115,7,237,9,8,17
"261",2020-03-10,"Chicago Bulls","Cleveland Cavaliers",108,103,5,211,14,9,23
"262",2020-03-10,"Houston Rockets","Minnesota Timberwolves",117,111,6,228,5,8,13
"263",2020-03-10,"Memphis Grizzlies","Orlando Magic",115,120,-5,235,7,12,19
"264",2020-03-10,"San Antonio Spurs","Dallas Mavericks",119,109,10,228,6,7,13
"265",2020-03-10,"Portland Trail Blazers","Phoenix Suns",121,105,16,226,9,9,18
"266",2020-03-10,"Golden State Warriors","Los Angeles Clippers",107,131,-24,238,4,11,15
"267",2020-03-10,"Los Angeles Lakers","Brooklyn Nets",102,104,-2,206,8,14,22
"268",2020-03-09,"Atlanta Hawks","Charlotte Hornets",143,138,5,281,12,8,20
"269",2020-03-09,"Denver Nuggets","Milwaukee Bucks",109,95,14,204,6,11,17
"270",2020-03-09,"Utah Jazz","Toronto Raptors",92,101,-9,193,6,14,20
"271",2020-03-08,"Brooklyn Nets","Chicago Bulls",110,107,3,217,5,5,10
"272",2020-03-08,"Minnesota Timberwolves","New Orleans Pelicans",107,120,-13,227,9,10,19
"273",2020-03-08,"Los Angeles Clippers","Los Angeles Lakers",103,112,-9,215,15,9,24
"274",2020-03-08,"Boston Celtics","Oklahoma City Thunder",104,105,-1,209,11,4,15
"275",2020-03-08,"Phoenix Suns","Milwaukee Bucks",140,131,9,271,8,7,15
"276",2020-03-08,"Washington Wizards","Miami Heat",89,100,-11,189,4,5,9
"277",2020-03-08,"Dallas Mavericks","Indiana Pacers",109,112,-3,221,9,6,15
"278",2020-03-08,"Houston Rockets","Orlando Magic",106,126,-20,232,11,13,24
"279",2020-03-08,"Cleveland Cavaliers","San Antonio Spurs",132,129,3,261,14,6,20
"280",2020-03-08,"New York Knicks","Detroit Pistons",96,84,12,180,13,5,18
"281",2020-03-08,"Sacramento Kings","Toronto Raptors",113,118,-5,231,10,2,12
"282",2020-03-07,"Charlotte Hornets","Houston Rockets",108,99,9,207,6,13,19
"283",2020-03-07,"Detroit Pistons","Utah Jazz",105,111,-6,216,10,9,19
"284",2020-03-07,"Cleveland Cavaliers","Denver Nuggets",104,102,2,206,8,9,17
"285",2020-03-07,"Memphis Grizzlies","Atlanta Hawks",118,101,17,219,15,14,29
"286",2020-03-07,"Golden State Warriors","Philadelphia 76ers",118,114,4,232,7,11,18
"287",2020-03-07,"Portland Trail Blazers","Sacramento Kings",111,123,-12,234,10,11,21
"288",2020-03-06,"Washington Wizards","Atlanta Hawks",118,112,6,230,9,6,15
"289",2020-03-06,"Brooklyn Nets","San Antonio Spurs",139,120,19,259,9,2,11
"290",2020-03-06,"New York Knicks","Oklahoma City Thunder",103,126,-23,229,13,10,23
"291",2020-03-06,"Boston Celtics","Utah Jazz",94,99,-5,193,13,8,21
"292",2020-03-06,"Chicago Bulls","Indiana Pacers",102,108,-6,210,17,10,27
"293",2020-03-06,"Minnesota Timberwolves","Orlando Magic",118,132,-14,250,10,6,16
"294",2020-03-06,"New Orleans Pelicans","Miami Heat",110,104,6,214,15,10,25
"295",2020-03-06,"Dallas Mavericks","Memphis Grizzlies",121,96,25,217,13,9,22
"296",2020-03-06,"Phoenix Suns","Portland Trail Blazers",127,117,10,244,15,9,24
"297",2020-03-06,"Los Angeles Lakers","Milwaukee Bucks",113,103,10,216,10,5,15
"298",2020-03-05,"Charlotte Hornets","Denver Nuggets",112,114,-2,226,9,13,22
"299",2020-03-05,"Houston Rockets","Los Angeles Clippers",105,120,-15,225,15,9,24
"300",2020-03-05,"Sacramento Kings","Philadelphia 76ers",108,125,-17,233,4,14,18
"301",2020-03-05,"Golden State Warriors","Toronto Raptors",113,121,-8,234,14,3,17
"302",2020-03-04,"Cleveland Cavaliers","Boston Celtics",106,112,-6,218,17,13,30
"303",2020-03-04,"Detroit Pistons","Oklahoma City Thunder",107,114,-7,221,9,2,11
"304",2020-03-04,"Milwaukee Bucks","Indiana Pacers",119,100,19,219,11,7,18
"305",2020-03-04,"Miami Heat","Orlando Magic",116,113,3,229,6,5,11
"306",2020-03-04,"Brooklyn Nets","Memphis Grizzlies",79,118,-39,197,13,18,31
"307",2020-03-04,"New York Knicks","Utah Jazz",104,112,-8,216,11,6,17
"308",2020-03-04,"Minnesota Timberwolves","Chicago Bulls",115,108,7,223,10,9,19
"309",2020-03-04,"Dallas Mavericks","New Orleans Pelicans",127,123,4,250,6,15,21
"310",2020-03-04,"Portland Trail Blazers","Washington Wizards",125,104,21,229,7,18,25
"311",2020-03-03,"Charlotte Hornets","San Antonio Spurs",103,104,-1,207,14,6,20
"312",2020-03-03,"Boston Celtics","Brooklyn Nets",120,129,-9,249,13,22,35
"313",2020-03-03,"New Orleans Pelicans","Minnesota Timberwolves",134,139,-5,273,13,10,23
"314",2020-03-03,"Oklahoma City Thunder","Los Angeles Clippers",94,109,-15,203,8,6,14
"315",2020-03-03,"Denver Nuggets","Golden State Warriors",100,116,-16,216,19,5,24
"316",2020-03-03,"Phoenix Suns","Toronto Raptors",114,123,-9,237,6,9,15
"317",2020-03-03,"Los Angeles Lakers","Philadelphia 76ers",120,107,13,227,10,12,22
"318",2020-03-03,"Sacramento Kings","Washington Wizards",133,126,7,259,8,2,10
"319",2020-03-02,"Cleveland Cavaliers","Utah Jazz",113,126,-13,239,11,8,19
"320",2020-03-02,"New York Knicks","Houston Rockets",125,123,2,248,20,8,28
"321",2020-03-02,"Orlando Magic","Portland Trail Blazers",107,130,-23,237,11,6,17
"322",2020-03-02,"Atlanta Hawks","Memphis Grizzlies",88,127,-39,215,16,14,30
"323",2020-03-02,"Miami Heat","Milwaukee Bucks",105,89,16,194,6,8,14
"324",2020-03-02,"Chicago Bulls","Dallas Mavericks",109,107,2,216,12,9,21
"325",2020-03-02,"San Antonio Spurs","Indiana Pacers",111,116,-5,227,3,6,9
"326",2020-03-01,"Charlotte Hornets","Milwaukee Bucks",85,93,-8,178,12,15,27
"327",2020-03-01,"Minnesota Timberwolves","Dallas Mavericks",91,111,-20,202,14,6,20
"328",2020-03-01,"Los Angeles Clippers","Philadelphia 76ers",136,130,6,266,6,10,16
"329",2020-03-01,"Denver Nuggets","Toronto Raptors",133,118,15,251,7,8,15
"330",2020-03-01,"Sacramento Kings","Detroit Pistons",106,100,6,206,17,7,24
"331",2020-03-01,"New Orleans Pelicans","Los Angeles Lakers",114,122,-8,236,15,6,21
"332",2020-03-01,"Golden State Warriors","Washington Wizards",110,124,-14,234,18,5,23
"333",2020-02-29,"New York Knicks","Chicago Bulls",125,115,10,240,17,13,30
"334",2020-02-29,"Atlanta Hawks","Portland Trail Blazers",129,117,12,246,5,13,18
"335",2020-02-29,"Miami Heat","Brooklyn Nets",116,113,3,229,10,8,18
"336",2020-02-29,"Cleveland Cavaliers","Indiana Pacers",104,113,-9,217,6,8,14
"337",2020-02-29,"Memphis Grizzlies","Los Angeles Lakers",105,88,17,193,15,13,28
"338",2020-02-29,"Boston Celtics","Houston Rockets",110,111,-1,221,14,12,26
"339",2020-02-29,"San Antonio Spurs","Orlando Magic",114,113,1,227,4,10,14
"340",2020-02-29,"Phoenix Suns","Golden State Warriors",99,115,-16,214,8,13,21
"341",2020-02-28,"Orlando Magic","Minnesota Timberwolves",136,125,11,261,10,6,16
"342",2020-02-28,"Atlanta Hawks","Brooklyn Nets",141,118,23,259,15,7,22
"343",2020-02-28,"Toronto Raptors","Charlotte Hornets",96,99,-3,195,14,11,25
"344",2020-02-28,"Miami Heat","Dallas Mavericks",126,118,8,244,6,4,10
"345",2020-02-28,"Memphis Grizzlies","Sacramento Kings",101,104,-3,205,10,8,18
"346",2020-02-28,"Milwaukee Bucks","Oklahoma City Thunder",133,86,47,219,14,5,19
"347",2020-02-28,"New Orleans Pelicans","Cleveland Cavaliers",116,104,12,220,12,10,22
"348",2020-02-28,"Phoenix Suns","Detroit Pistons",111,113,-2,224,5,10,15
"349",2020-02-28,"Utah Jazz","Washington Wizards",129,119,10,248,15,13,28
"350",2020-02-28,"Los Angeles Clippers","Denver Nuggets",132,103,29,235,11,13,24
"351",2020-02-27,"Philadelphia 76ers","New York Knicks",115,106,9,221,11,9,20
"352",2020-02-27,"Indiana Pacers","Portland Trail Blazers",106,100,6,206,13,10,23
"353",2020-02-27,"Oklahoma City Thunder","Sacramento Kings",112,108,4,220,10,12,22
"354",2020-02-27,"Golden State Warriors","Los Angeles Lakers",86,116,-30,202,5,8,13
"355",2020-02-26,"Charlotte Hornets","New York Knicks",107,101,6,208,10,13,23
"356",2020-02-26,"Cleveland Cavaliers","Philadelphia 76ers",108,94,14,202,9,8,17
"357",2020-02-26,"Washington Wizards","Brooklyn Nets",110,106,4,216,9,15,24
"358",2020-02-26,"Atlanta Hawks","Orlando Magic",120,130,-10,250,9,13,22
"359",2020-02-26,"Miami Heat","Minnesota Timberwolves",126,129,-3,255,8,5,13
"360",2020-02-26,"Houston Rockets","Memphis Grizzlies",140,112,28,252,9,22,31
"361",2020-02-26,"San Antonio Spurs","Dallas Mavericks",103,109,-6,212,13,5,18
"362",2020-02-26,"Phoenix Suns","Los Angeles Clippers",92,102,-10,194,14,11,25
"363",2020-02-26,"Utah Jazz","Boston Celtics",103,114,-11,217,13,9,22
"364",2020-02-25,"Indiana Pacers","Charlotte Hornets",119,80,39,199,7,13,20
"365",2020-02-25,"Toronto Raptors","Milwaukee Bucks",97,108,-11,205,9,8,17
"366",2020-02-25,"Chicago Bulls","Oklahoma City Thunder",122,124,-2,246,13,7,20
"367",2020-02-25,"Denver Nuggets","Detroit Pistons",115,98,17,213,9,12,21
"368",2020-02-25,"Los Angeles Lakers","New Orleans Pelicans",118,109,9,227,14,6,20
"369",2020-02-25,"Portland Trail Blazers","Boston Celtics",106,118,-12,224,8,8,16
"370",2020-02-25,"Golden State Warriors","Sacramento Kings",94,112,-18,206,5,2,7
"371",2020-02-24,"Cleveland Cavaliers","Miami Heat",125,119,6,244,13,9,22
"372",2020-02-24,"Philadelphia 76ers","Atlanta Hawks",129,112,17,241,9,14,23
"373",2020-02-24,"Washington Wizards","Milwaukee Bucks",134,137,-3,271,6,4,10
"374",2020-02-24,"Brooklyn Nets","Orlando Magic",113,115,-2,228,13,7,20
"375",2020-02-24,"Houston Rockets","New York Knicks",123,112,11,235,5,16,21
"376",2020-02-24,"Dallas Mavericks","Minnesota Timberwolves",139,123,16,262,14,7,21
"377",2020-02-24,"Utah Jazz","Phoenix Suns",111,131,-20,242,5,11,16
"378",2020-02-24,"Los Angeles Clippers","Memphis Grizzlies",124,97,27,221,11,11,22
"379",2020-02-23,"Los Angeles Lakers","Boston Celtics",114,112,2,226,11,8,19
"380",2020-02-23,"Toronto Raptors","Indiana Pacers",127,81,46,208,10,12,22
"381",2020-02-23,"Denver Nuggets","Minnesota Timberwolves",128,116,12,244,5,9,14
"382",2020-02-23,"Chicago Bulls","Washington Wizards",126,117,9,243,10,7,17
"383",2020-02-23,"Oklahoma City Thunder","San Antonio Spurs",131,103,28,234,6,14,20
"384",2020-02-23,"Golden State Warriors","New Orleans Pelicans",101,115,-14,216,11,14,25
"385",2020-02-23,"Portland Trail Blazers","Detroit Pistons",107,104,3,211,9,11,20
"386",2020-02-22,"Los Angeles Clippers","Sacramento Kings",103,112,-9,215,13,11,24
"387",2020-02-22,"Charlotte Hornets","Brooklyn Nets",86,115,-29,201,9,9,18
"388",2020-02-22,"Atlanta Hawks","Dallas Mavericks",111,107,4,218,13,10,23
"389",2020-02-22,"Miami Heat","Cleveland Cavaliers",124,105,19,229,4,11,15
"390",2020-02-22,"Chicago Bulls","Phoenix Suns",104,112,-8,216,11,17,28
"391",2020-02-22,"Milwaukee Bucks","Philadelphia 76ers",119,98,21,217,8,11,19
"392",2020-02-22,"Utah Jazz","Houston Rockets",110,120,-10,230,6,6,12
"393",2020-02-21,"Orlando Magic","Dallas Mavericks",106,122,-16,228,16,8,24
"394",2020-02-21,"Washington Wizards","Cleveland Cavaliers",108,113,-5,221,17,10,27
"395",2020-02-21,"New York Knicks","Indiana Pacers",98,106,-8,204,5,12,17
"396",2020-02-21,"Toronto Raptors","Phoenix Suns",118,101,17,219,7,10,17
"397",2020-02-21,"Minnesota Timberwolves","Boston Celtics",117,127,-10,244,8,16,24
"398",2020-02-21,"Oklahoma City Thunder","Denver Nuggets",113,101,12,214,14,8,22
"399",2020-02-21,"Utah Jazz","San Antonio Spurs",104,113,-9,217,6,7,13
"400",2020-02-21,"Los Angeles Lakers","Memphis Grizzlies",117,105,12,222,12,16,28
"401",2020-02-21,"Portland Trail Blazers","New Orleans Pelicans",115,128,-13,243,13,9,22
"402",2020-02-20,"Detroit Pistons","Milwaukee Bucks",106,126,-20,232,7,8,15
"403",2020-02-20,"Atlanta Hawks","Miami Heat",129,124,5,253,6,15,21
"404",2020-02-20,"Philadelphia 76ers","Brooklyn Nets",112,104,8,216,11,15,26
"405",2020-02-20,"Chicago Bulls","Charlotte Hornets",93,103,-10,196,12,9,21
"406",2020-02-20,"Sacramento Kings","Memphis Grizzlies",129,125,4,254,3,11,14
"407",2020-02-20,"Golden State Warriors","Houston Rockets",105,135,-30,240,13,8,21
"408",2020-02-13,"Boston Celtics","Los Angeles Clippers",141,133,8,274,7,14,21
"409",2020-02-13,"New Orleans Pelicans","Oklahoma City Thunder",118,123,-5,241,8,5,13
"410",2020-02-12,"Cleveland Cavaliers","Atlanta Hawks",127,105,22,232,17,9,26
"411",2020-02-12,"Orlando Magic","Detroit Pistons",116,112,4,228,9,9,18
"412",2020-02-12,"Brooklyn Nets","Toronto Raptors",101,91,10,192,12,6,18
"413",2020-02-12,"Indiana Pacers","Milwaukee Bucks",118,111,7,229,8,11,19
"414",2020-02-12,"New York Knicks","Washington Wizards",96,114,-18,210,14,6,20
"415",2020-02-12,"Memphis Grizzlies","Portland Trail Blazers",111,104,7,215,15,16,31
"416",2020-02-12,"Minnesota Timberwolves","Charlotte Hornets",108,115,-7,223,14,12,26
"417",2020-02-12,"Dallas Mavericks","Sacramento Kings",130,111,19,241,3,10,13
"418",2020-02-12,"Phoenix Suns","Golden State Warriors",112,106,6,218,8,4,12
"419",2020-02-12,"Utah Jazz","Miami Heat",116,101,15,217,10,6,16
"420",2020-02-12,"Denver Nuggets","Los Angeles Lakers",116,120,-4,236,3,10,13
"421",2020-02-11,"Philadelphia 76ers","Los Angeles Clippers",110,103,7,213,11,5,16
"422",2020-02-11,"Washington Wizards","Chicago Bulls",126,114,12,240,9,10,19
"423",2020-02-11,"New Orleans Pelicans","Portland Trail Blazers",138,117,21,255,14,12,26
"424",2020-02-11,"Oklahoma City Thunder","San Antonio Spurs",106,114,-8,220,6,7,13
"425",2020-02-11,"Houston Rockets","Boston Celtics",116,105,11,221,5,10,15
"426",2020-02-10,"Detroit Pistons","Charlotte Hornets",76,87,-11,163,19,13,32
"427",2020-02-10,"Indiana Pacers","Brooklyn Nets",105,106,-1,211,6,14,20
"428",2020-02-10,"Orlando Magic","Atlanta Hawks",135,126,9,261,14,4,18
"429",2020-02-10,"Toronto Raptors","Minnesota Timberwolves",137,126,11,263,9,10,19
"430",2020-02-10,"Milwaukee Bucks","Sacramento Kings",123,111,12,234,8,10,18
"431",2020-02-10,"Dallas Mavericks","Utah Jazz",119,123,-4,242,4,10,14
"432",2020-02-10,"Denver Nuggets","San Antonio Spurs",127,120,7,247,9,9,18
"433",2020-02-10,"Golden State Warriors","Miami Heat",101,113,-12,214,6,7,13
"434",2020-02-10,"Los Angeles Lakers","Phoenix Suns",125,100,25,225,16,3,19
"435",2020-02-09,"Oklahoma City Thunder","Boston Celtics",111,112,-1,223,12,14,26
"436",2020-02-09,"Atlanta Hawks","New York Knicks",140,135,5,275,11,15,26
"437",2020-02-09,"Philadelphia 76ers","Chicago Bulls",118,111,7,229,15,14,29
"438",2020-02-09,"Washington Wizards","Memphis Grizzlies",99,106,-7,205,9,13,22
"439",2020-02-09,"Houston Rockets","Utah Jazz",113,114,-1,227,7,10,17
"440",2020-02-09,"Cleveland Cavaliers","Los Angeles Clippers",92,133,-41,225,16,10,26
"441",2020-02-09,"Portland Trail Blazers","Miami Heat",115,109,6,224,5,13,18
"442",2020-02-08,"Orlando Magic","Milwaukee Bucks",95,111,-16,206,10,10,20
"443",2020-02-08,"Charlotte Hornets","Dallas Mavericks",100,116,-16,216,12,11,23
"444",2020-02-08,"Detroit Pistons","New York Knicks",92,95,-3,187,3,16,19
"445",2020-02-08,"Indiana Pacers","New Orleans Pelicans",117,124,-7,241,2,16,18
"446",2020-02-08,"Toronto Raptors","Brooklyn Nets",119,118,1,237,13,13,26
"447",2020-02-08,"Minnesota Timberwolves","Los Angeles Clippers",142,115,27,257,9,8,17
"448",2020-02-08,"Golden State Warriors","Los Angeles Lakers",120,125,-5,245,8,12,20
"449",2020-02-08,"Phoenix Suns","Denver Nuggets",108,117,-9,225,11,8,19
"450",2020-02-08,"Sacramento Kings","San Antonio Spurs",122,102,20,224,8,8,16
"451",2020-02-07,"Philadelphia 76ers","Memphis Grizzlies",119,107,12,226,10,9,19
"452",2020-02-07,"Washington Wizards","Dallas Mavericks",119,118,1,237,8,15,23
"453",2020-02-07,"Boston Celtics","Atlanta Hawks",112,107,5,219,11,12,23
"454",2020-02-07,"Indiana Pacers","Toronto Raptors",106,115,-9,221,11,8,19
"455",2020-02-07,"Oklahoma City Thunder","Detroit Pistons",108,101,7,209,9,14,23
"456",2020-02-07,"Phoenix Suns","Houston Rockets",127,91,36,218,10,8,18
"457",2020-02-07,"Sacramento Kings","Miami Heat",105,97,8,202,6,7,13
"458",2020-02-07,"Utah Jazz","Portland Trail Blazers",117,114,3,231,13,10,23
"459",2020-02-06,"New York Knicks","Orlando Magic",105,103,2,208,10,7,17
"460",2020-02-06,"Chicago Bulls","New Orleans Pelicans",119,125,-6,244,11,9,20
"461",2020-02-06,"Milwaukee Bucks","Philadelphia 76ers",112,101,11,213,9,11,20
"462",2020-02-06,"Portland Trail Blazers","San Antonio Spurs",125,117,8,242,9,8,17
"463",2020-02-06,"Los Angeles Lakers","Houston Rockets",111,121,-10,232,6,6,12
"464",2020-02-05,"Detroit Pistons","Phoenix Suns",116,108,8,224,14,7,21
"465",2020-02-05,"Boston Celtics","Orlando Magic",116,100,16,216,6,9,15
"466",2020-02-05,"Brooklyn Nets","Golden State Warriors",129,88,41,217,14,7,21
"467",2020-02-05,"Toronto Raptors","Indiana Pacers",119,118,1,237,7,8,15
"468",2020-02-05,"Minnesota Timberwolves","Atlanta Hawks",120,127,-7,247,6,7,13
"469",2020-02-05,"Oklahoma City Thunder","Cleveland Cavaliers",109,103,6,212,5,9,14
"470",2020-02-05,"Dallas Mavericks","Memphis Grizzlies",107,121,-14,228,12,10,22
"471",2020-02-05,"Utah Jazz","Denver Nuggets",95,98,-3,193,7,13,20
"472",2020-02-05,"Los Angeles Clippers","Miami Heat",128,111,17,239,8,10,18
"473",2020-02-04,"New Orleans Pelicans","Milwaukee Bucks",108,120,-12,228,8,8,16
"474",2020-02-04,"Houston Rockets","Charlotte Hornets",125,110,15,235,7,12,19
"475",2020-02-04,"Denver Nuggets","Portland Trail Blazers",127,99,28,226,12,9,21
"476",2020-02-04,"Los Angeles Lakers","San Antonio Spurs",129,102,27,231,12,7,19
"477",2020-02-03,"Charlotte Hornets","Orlando Magic",100,112,-12,212,15,8,23
"478",2020-02-03,"Cleveland Cavaliers","New York Knicks",134,139,-5,273,5,12,17
"479",2020-02-03,"Indiana Pacers","Dallas Mavericks",103,112,-9,215,8,12,20
"480",2020-02-03,"Washington Wizards","Golden State Warriors",117,125,-8,242,2,12,14
"481",2020-02-03,"Atlanta Hawks","Boston Celtics",115,123,-8,238,6,11,17
"482",2020-02-03,"Brooklyn Nets","Phoenix Suns",119,97,22,216,10,14,24
"483",2020-02-03,"Miami Heat","Philadelphia 76ers",137,106,31,243,6,14,20
"484",2020-02-03,"Memphis Grizzlies","Detroit Pistons",96,82,14,178,7,16,23
"485",2020-02-03,"Sacramento Kings","Minnesota Timberwolves",113,109,4,222,7,14,21
"486",2020-02-03,"Los Angeles Clippers","San Antonio Spurs",108,105,3,213,5,6,11
"487",2020-02-02,"Detroit Pistons","Denver Nuggets",128,123,5,251,11,14,25
"488",2020-02-02,"Houston Rockets","New Orleans Pelicans",117,109,8,226,11,16,27
"489",2020-02-02,"Milwaukee Bucks","Phoenix Suns",129,108,21,237,16,15,31
"490",2020-02-02,"Toronto Raptors","Chicago Bulls",129,102,27,231,12,17,29
"491",2020-02-01,"Los Angeles Clippers","Minnesota Timberwolves",118,106,12,224,12,6,18
"492",2020-02-01,"Indiana Pacers","New York Knicks",85,92,-7,177,4,14,18
"493",2020-02-01,"Orlando Magic","Miami Heat",89,102,-13,191,7,10,17
"494",2020-02-01,"Cleveland Cavaliers","Golden State Warriors",112,131,-19,243,13,10,23
"495",2020-02-01,"Washington Wizards","Brooklyn Nets",113,107,6,220,18,12,30
"496",2020-02-01,"Boston Celtics","Philadelphia 76ers",116,95,21,211,9,13,22
"497",2020-02-01,"Dallas Mavericks","Atlanta Hawks",123,100,23,223,10,10,20
"498",2020-02-01,"San Antonio Spurs","Charlotte Hornets",114,90,24,204,7,6,13
"499",2020-02-01,"Sacramento Kings","Los Angeles Lakers",113,129,-16,242,13,11,24
"500",2020-02-01,"Portland Trail Blazers","Utah Jazz",124,107,17,231,14,11,25
"501",2020-01-31,"Detroit Pistons","Toronto Raptors",92,105,-13,197,13,7,20
"502",2020-01-31,"Brooklyn Nets","Chicago Bulls",133,118,15,251,5,11,16
"503",2020-01-31,"Houston Rockets","Dallas Mavericks",128,121,7,249,7,14,21
"504",2020-01-31,"New Orleans Pelicans","Memphis Grizzlies",139,111,28,250,16,11,27
"505",2020-01-31,"Milwaukee Bucks","Denver Nuggets",115,127,-12,242,7,7,14
"506",2020-01-31,"Phoenix Suns","Oklahoma City Thunder",107,111,-4,218,11,15,26
"507",2020-01-31,"Los Angeles Lakers","Portland Trail Blazers",119,127,-8,246,19,6,25
"508",2020-01-30,"Cleveland Cavaliers","Toronto Raptors",109,115,-6,224,15,9,24
"509",2020-01-30,"Washington Wizards","Charlotte Hornets",121,107,14,228,19,16,35
"510",2020-01-30,"Atlanta Hawks","Philadelphia 76ers",127,117,10,244,10,8,18
"511",2020-01-30,"Boston Celtics","Golden State Warriors",119,104,15,223,14,3,17
"512",2020-01-30,"Denver Nuggets","Utah Jazz",106,100,6,206,8,5,13
"513",2020-01-30,"Los Angeles Clippers","Sacramento Kings",103,124,-21,227,11,11,22
"514",2020-01-29,"Indiana Pacers","Chicago Bulls",115,106,9,221,13,6,19
"515",2020-01-29,"Brooklyn Nets","Detroit Pistons",125,115,10,240,8,9,17
"516",2020-01-29,"New York Knicks","Memphis Grizzlies",106,127,-21,233,11,7,18
"517",2020-01-29,"San Antonio Spurs","Utah Jazz",127,120,7,247,4,12,16
"518",2020-01-29,"Portland Trail Blazers","Houston Rockets",125,112,13,237,10,9,19
"519",2020-01-29,"Sacramento Kings","Oklahoma City Thunder",100,120,-20,220,11,10,21
"520",2020-01-28,"Charlotte Hornets","New York Knicks",97,92,5,189,16,7,23
"521",2020-01-28,"Philadelphia 76ers","Golden State Warriors",115,104,11,219,2,6,8
"522",2020-01-28,"Cleveland Cavaliers","New Orleans Pelicans",111,125,-14,236,14,7,21
"523",2020-01-28,"Toronto Raptors","Atlanta Hawks",130,114,16,244,10,10,20
"524",2020-01-28,"Miami Heat","Boston Celtics",101,109,-8,210,11,11,22
"525",2020-01-28,"Memphis Grizzlies","Denver Nuggets",104,96,8,200,6,13,19
"526",2020-01-28,"Milwaukee Bucks","Washington Wizards",151,131,20,282,11,11,22
"527",2020-01-28,"Dallas Mavericks","Phoenix Suns",104,133,-29,237,8,8,16
"528",2020-01-27,"Detroit Pistons","Cleveland Cavaliers",100,115,-15,215,9,11,20
"529",2020-01-27,"Miami Heat","Orlando Magic",113,92,21,205,3,11,14
"530",2020-01-27,"Chicago Bulls","San Antonio Spurs",110,109,1,219,14,12,26
"531",2020-01-27,"Minnesota Timberwolves","Sacramento Kings",129,133,-4,262,10,9,19
"532",2020-01-27,"Oklahoma City Thunder","Dallas Mavericks",97,107,-10,204,6,12,18
"533",2020-01-27,"Utah Jazz","Houston Rockets",117,126,-9,243,2,6,8
"534",2020-01-26,"Denver Nuggets","Houston Rockets",117,110,7,227,11,15,26
"535",2020-01-26,"San Antonio Spurs","Toronto Raptors",106,110,-4,216,7,14,21
"536",2020-01-26,"Atlanta Hawks","Washington Wizards",152,133,19,285,12,8,20
"537",2020-01-26,"New York Knicks","Brooklyn Nets",110,97,13,207,14,7,21
"538",2020-01-26,"Orlando Magic","Los Angeles Clippers",97,112,-15,209,16,12,28
"539",2020-01-26,"Memphis Grizzlies","Phoenix Suns",114,109,5,223,8,12,20
"540",2020-01-26,"New Orleans Pelicans","Boston Celtics",123,108,15,231,18,7,25
"541",2020-01-26,"Portland Trail Blazers","Indiana Pacers",139,129,10,268,12,6,18
"542",2020-01-25,"Utah Jazz","Dallas Mavericks",112,107,5,219,12,10,22
"543",2020-01-25,"Detroit Pistons","Brooklyn Nets",111,121,-10,232,14,11,25
"544",2020-01-25,"Cleveland Cavaliers","Chicago Bulls",106,118,-12,224,11,7,18
"545",2020-01-25,"Minnesota Timberwolves","Oklahoma City Thunder",104,113,-9,217,7,3,10
"546",2020-01-25,"Philadelphia 76ers","Los Angeles Lakers",108,91,17,199,8,6,14
"547",2020-01-24,"Charlotte Hornets","Milwaukee Bucks",103,116,-13,219,8,12,20
"548",2020-01-24,"Detroit Pistons","Memphis Grizzlies",112,125,-13,237,10,8,18
"549",2020-01-24,"Orlando Magic","Boston Celtics",98,109,-11,207,13,9,22
"550",2020-01-24,"New York Knicks","Toronto Raptors",112,118,-6,230,14,5,19
"551",2020-01-24,"Miami Heat","Los Angeles Clippers",117,122,-5,239,9,11,20
"552",2020-01-24,"Chicago Bulls","Sacramento Kings",81,98,-17,179,8,7,15
"553",2020-01-24,"Minnesota Timberwolves","Houston Rockets",124,131,-7,255,13,5,18
"554",2020-01-24,"New Orleans Pelicans","Denver Nuggets",106,113,-7,219,12,24,36
"555",2020-01-24,"Oklahoma City Thunder","Atlanta Hawks",140,111,29,251,6,10,16
"556",2020-01-24,"San Antonio Spurs","Phoenix Suns",99,103,-4,202,10,10,20
"557",2020-01-24,"Golden State Warriors","Indiana Pacers",118,129,-11,247,7,5,12
"558",2020-01-23,"Cleveland Cavaliers","Washington Wizards",112,124,-12,236,10,7,17
"559",2020-01-23,"Brooklyn Nets","Los Angeles Lakers",113,128,-15,241,8,11,19
"560",2020-01-23,"Portland Trail Blazers","Dallas Mavericks",125,133,-8,258,11,12,23
"561",2020-01-22,"Detroit Pistons","Sacramento Kings",127,106,21,233,3,12,15
"562",2020-01-22,"Orlando Magic","Oklahoma City Thunder",114,120,-6,234,11,0,11
"563",2020-01-22,"Toronto Raptors","Philadelphia 76ers",107,95,12,202,8,8,16
"564",2020-01-22,"Atlanta Hawks","Los Angeles Clippers",102,95,7,197,23,8,31
"565",2020-01-22,"Boston Celtics","Memphis Grizzlies",119,95,24,214,9,5,14
"566",2020-01-22,"Miami Heat","Washington Wizards",134,129,5,263,6,7,13
"567",2020-01-22,"New York Knicks","Los Angeles Lakers",92,100,-8,192,13,11,24
"568",2020-01-22,"Chicago Bulls","Minnesota Timberwolves",117,110,7,227,12,10,22
"569",2020-01-22,"Houston Rockets","Denver Nuggets",121,105,16,226,18,13,31
"570",2020-01-22,"Phoenix Suns","Indiana Pacers",87,112,-25,199,9,4,13
"571",2020-01-22,"New Orleans Pelicans","San Antonio Spurs",117,121,-4,238,8,9,17
"572",2020-01-22,"Golden State Warriors","Utah Jazz",96,129,-33,225,11,15,26
"573",2020-01-21,"Dallas Mavericks","Los Angeles Clippers",107,110,-3,217,12,20,32
"574",2020-01-20,"Washington Wizards","Detroit Pistons",106,100,6,206,6,11,17
"575",2020-01-20,"Atlanta Hawks","Toronto Raptors",117,122,-5,239,9,12,21
"576",2020-01-20,"Brooklyn Nets","Philadelphia 76ers",111,117,-6,228,13,12,25
"577",2020-01-20,"Charlotte Hornets","Orlando Magic",83,106,-23,189,9,15,24
"578",2020-01-20,"Cleveland Cavaliers","New York Knicks",86,106,-20,192,16,7,23
"579",2020-01-20,"Miami Heat","Sacramento Kings",118,113,5,231,5,16,21
"580",2020-01-20,"Houston Rockets","Oklahoma City Thunder",107,112,-5,219,9,7,16
"581",2020-01-20,"Memphis Grizzlies","New Orleans Pelicans",116,126,-10,242,15,5,20
"582",2020-01-20,"Milwaukee Bucks","Chicago Bulls",111,98,13,209,3,7,10
"583",2020-01-20,"Boston Celtics","Los Angeles Lakers",139,107,32,246,14,12,26
"584",2020-01-20,"Minnesota Timberwolves","Denver Nuggets",100,107,-7,207,11,13,24
"585",2020-01-20,"Phoenix Suns","San Antonio Spurs",118,120,-2,238,8,6,14
"586",2020-01-20,"Utah Jazz","Indiana Pacers",118,88,30,206,11,9,20
"587",2020-01-20,"Portland Trail Blazers","Golden State Warriors",129,124,5,253,12,19,31
"588",2020-01-19,"San Antonio Spurs","Miami Heat",107,102,5,209,9,10,19
"589",2020-01-19,"Denver Nuggets","Indiana Pacers",107,115,-8,222,12,11,23
"590",2020-01-18,"New Orleans Pelicans","Los Angeles Clippers",130,133,-3,263,12,10,22
"591",2020-01-18,"Brooklyn Nets","Milwaukee Bucks",97,117,-20,214,12,5,17
"592",2020-01-18,"Boston Celtics","Phoenix Suns",119,123,-4,242,4,10,14
"593",2020-01-18,"Atlanta Hawks","Detroit Pistons",103,136,-33,239,10,11,21
"594",2020-01-18,"New York Knicks","Philadelphia 76ers",87,90,-3,177,12,5,17
"595",2020-01-18,"Chicago Bulls","Cleveland Cavaliers",118,116,2,234,4,7,11
"596",2020-01-18,"Minnesota Timberwolves","Toronto Raptors",112,122,-10,234,12,7,19
"597",2020-01-18,"Houston Rockets","Los Angeles Lakers",115,124,-9,239,11,15,26
"598",2020-01-18,"Golden State Warriors","Orlando Magic",109,95,14,204,7,9,16
"599",2020-01-18,"Oklahoma City Thunder","Portland Trail Blazers",119,106,13,225,12,12,24
"600",2020-01-18,"Utah Jazz","Sacramento Kings",123,101,22,224,10,7,17
"601",2020-01-17,"Indiana Pacers","Minnesota Timberwolves",116,114,2,230,4,7,11
"602",2020-01-17,"Philadelphia 76ers","Chicago Bulls",100,89,11,189,9,6,15
"603",2020-01-17,"Toronto Raptors","Washington Wizards",140,111,29,251,7,13,20
"604",2020-01-17,"Memphis Grizzlies","Cleveland Cavaliers",113,109,4,222,7,16,23
"605",2020-01-17,"Oklahoma City Thunder","Miami Heat",108,115,-7,223,6,6,12
"606",2020-01-17,"San Antonio Spurs","Atlanta Hawks",120,121,-1,241,14,8,22
"607",2020-01-17,"Dallas Mavericks","Portland Trail Blazers",120,112,8,232,13,8,21
"608",2020-01-16,"New York Knicks","Phoenix Suns",98,121,-23,219,10,14,24
"609",2020-01-16,"Milwaukee Bucks","Boston Celtics",128,123,5,251,7,10,17
"610",2020-01-16,"New Orleans Pelicans","Utah Jazz",138,132,6,270,9,11,20
"611",2020-01-16,"Golden State Warriors","Denver Nuggets",131,134,-3,265,10,15,25
"612",2020-01-16,"Los Angeles Clippers","Orlando Magic",122,95,27,217,10,6,16
"613",2020-01-15,"Boston Celtics","Detroit Pistons",103,116,-13,219,13,3,16
"614",2020-01-15,"Philadelphia 76ers","Brooklyn Nets",117,106,11,223,13,11,24
"615",2020-01-15,"Miami Heat","San Antonio Spurs",106,100,6,206,8,6,14
"616",2020-01-15,"Chicago Bulls","Washington Wizards",115,106,9,221,8,7,15
"617",2020-01-15,"Minnesota Timberwolves","Indiana Pacers",99,104,-5,203,10,7,17
"618",2020-01-15,"Oklahoma City Thunder","Toronto Raptors",121,130,-9,251,4,5,9
"619",2020-01-15,"Denver Nuggets","Charlotte Hornets",100,86,14,186,3,9,12
"620",2020-01-15,"Houston Rockets","Portland Trail Blazers",107,117,-10,224,12,12,24
"621",2020-01-15,"Sacramento Kings","Dallas Mavericks",123,127,-4,250,11,13,24
"622",2020-01-15,"Los Angeles Lakers","Orlando Magic",118,119,-1,237,13,13,26
"623",2020-01-14,"Atlanta Hawks","Phoenix Suns",123,110,13,233,12,10,22
"624",2020-01-14,"Brooklyn Nets","Utah Jazz",107,118,-11,225,11,7,18
"625",2020-01-14,"Memphis Grizzlies","Houston Rockets",121,110,11,231,7,9,16
"626",2020-01-14,"Milwaukee Bucks","New York Knicks",128,102,26,230,8,12,20
"627",2020-01-14,"Golden State Warriors","Dallas Mavericks",97,124,-27,221,7,15,22
"628",2020-01-14,"Los Angeles Clippers","Cleveland Cavaliers",128,103,25,231,14,8,22
"629",2020-01-13,"Detroit Pistons","New Orleans Pelicans",110,117,-7,227,5,17,22
"630",2020-01-13,"Indiana Pacers","Philadelphia 76ers",101,95,6,196,13,12,25
"631",2020-01-13,"Boston Celtics","Chicago Bulls",113,101,12,214,10,7,17
"632",2020-01-13,"Minnesota Timberwolves","Oklahoma City Thunder",104,117,-13,221,9,7,16
"633",2020-01-13,"Portland Trail Blazers","Charlotte Hornets",115,112,3,227,9,10,19
"634",2020-01-13,"Sacramento Kings","Orlando Magic",112,114,-2,226,4,12,16
"635",2020-01-13,"Los Angeles Lakers","Cleveland Cavaliers",128,99,29,227,11,10,21
"636",2020-01-12,"New York Knicks","Miami Heat",124,121,3,245,10,8,18
"637",2020-01-12,"Washington Wizards","Utah Jazz",116,127,-11,243,9,12,21
"638",2020-01-12,"Brooklyn Nets","Atlanta Hawks",108,86,22,194,7,4,11
"639",2020-01-12,"Toronto Raptors","San Antonio Spurs",104,105,-1,209,8,9,17
"640",2020-01-12,"Memphis Grizzlies","Golden State Warriors",122,102,20,224,18,12,30
"641",2020-01-12,"Denver Nuggets","Los Angeles Clippers",114,104,10,218,9,10,19
"642",2020-01-12,"Phoenix Suns","Charlotte Hornets",100,92,8,192,12,8,20
"643",2020-01-11,"Houston Rockets","Minnesota Timberwolves",139,109,30,248,12,13,25
"644",2020-01-11,"Boston Celtics","New Orleans Pelicans",140,105,35,245,10,15,25
"645",2020-01-11,"Detroit Pistons","Chicago Bulls",99,108,-9,207,12,9,21
"646",2020-01-11,"Oklahoma City Thunder","Los Angeles Lakers",110,125,-15,235,5,12,17
"647",2020-01-11,"Dallas Mavericks","Philadelphia 76ers",109,91,18,200,11,14,25
"648",2020-01-11,"Denver Nuggets","Cleveland Cavaliers",103,111,-8,214,11,12,23
"649",2020-01-11,"Portland Trail Blazers","Milwaukee Bucks",101,122,-21,223,8,10,18
"650",2020-01-10,"Washington Wizards","Atlanta Hawks",111,101,10,212,19,9,28
"651",2020-01-10,"New York Knicks","New Orleans Pelicans",111,123,-12,234,14,6,20
"652",2020-01-10,"Brooklyn Nets","Miami Heat",117,113,4,230,14,4,18
"653",2020-01-10,"Chicago Bulls","Indiana Pacers",105,116,-11,221,6,8,14
"654",2020-01-10,"Memphis Grizzlies","San Antonio Spurs",134,121,13,255,11,5,16
"655",2020-01-10,"Phoenix Suns","Orlando Magic",98,94,4,192,9,14,23
"656",2020-01-10,"Utah Jazz","Charlotte Hornets",109,92,17,201,9,7,16
"657",2020-01-10,"Dallas Mavericks","Los Angeles Lakers",114,129,-15,243,17,12,29
"658",2020-01-10,"Sacramento Kings","Milwaukee Bucks",106,127,-21,233,6,7,13
"659",2020-01-10,"Los Angeles Clippers","Golden State Warriors",109,100,9,209,9,13,22
"660",2020-01-09,"Detroit Pistons","Cleveland Cavaliers",112,115,-3,227,19,10,29
"661",2020-01-09,"Philadelphia 76ers","Boston Celtics",109,98,11,207,13,8,21
"662",2020-01-09,"Minnesota Timberwolves","Portland Trail Blazers",116,102,14,218,15,14,29
"663",2020-01-09,"Oklahoma City Thunder","Houston Rockets",113,92,21,205,9,8,17
"664",2020-01-08,"Boston Celtics","San Antonio Spurs",114,129,-15,243,8,8,16
"665",2020-01-08,"Charlotte Hornets","Toronto Raptors",110,112,-2,222,13,14,27
"666",2020-01-08,"Indiana Pacers","Miami Heat",108,122,-14,230,6,3,9
"667",2020-01-08,"Orlando Magic","Washington Wizards",123,89,34,212,13,10,23
"668",2020-01-08,"Atlanta Hawks","Houston Rockets",115,122,-7,237,16,16,32
"669",2020-01-08,"Dallas Mavericks","Denver Nuggets",106,107,-1,213,6,9,15
"670",2020-01-08,"New Orleans Pelicans","Chicago Bulls",123,108,15,231,12,10,22
"671",2020-01-08,"Utah Jazz","New York Knicks",128,104,24,232,12,14,26
"672",2020-01-08,"Golden State Warriors","Milwaukee Bucks",98,107,-9,205,12,5,17
"673",2020-01-07,"Cleveland Cavaliers","Detroit Pistons",113,115,-2,228,11,10,21
"674",2020-01-07,"Toronto Raptors","Portland Trail Blazers",99,101,-2,200,17,7,24
"675",2020-01-07,"Brooklyn Nets","Oklahoma City Thunder",103,111,-8,214,11,8,19
"676",2020-01-07,"Memphis Grizzlies","Minnesota Timberwolves",119,112,7,231,9,10,19
"677",2020-01-07,"Phoenix Suns","Sacramento Kings",103,114,-11,217,6,8,14
"678",2020-01-07,"Los Angeles Lakers","New York Knicks",117,87,30,204,6,15,21
"679",2020-01-06,"Charlotte Hornets","Indiana Pacers",104,115,-11,219,8,12,20
"680",2020-01-06,"Orlando Magic","Brooklyn Nets",101,89,12,190,11,12,23
"681",2020-01-06,"Philadelphia 76ers","Oklahoma City Thunder",120,113,7,233,9,14,23
"682",2020-01-06,"Washington Wizards","Boston Celtics",99,94,5,193,7,16,23
"683",2020-01-06,"Atlanta Hawks","Denver Nuggets",115,123,-8,238,4,7,11
"684",2020-01-06,"New Orleans Pelicans","Utah Jazz",126,128,-2,254,13,7,20
"685",2020-01-06,"Dallas Mavericks","Chicago Bulls",118,110,8,228,11,17,28
"686",2020-01-06,"San Antonio Spurs","Milwaukee Bucks",126,104,22,230,10,10,20
"687",2020-01-06,"Sacramento Kings","Golden State Warriors",111,98,13,209,6,10,16
"688",2020-01-05,"Los Angeles Clippers","New York Knicks",135,132,3,267,10,8,18
"689",2020-01-05,"Miami Heat","Portland Trail Blazers",122,111,11,233,11,8,19
"690",2020-01-05,"Cleveland Cavaliers","Minnesota Timberwolves",103,118,-15,221,12,14,26
"691",2020-01-05,"Phoenix Suns","Memphis Grizzlies",114,121,-7,235,12,3,15
"692",2020-01-05,"Los Angeles Lakers","Detroit Pistons",106,99,7,205,11,6,17
"693",2020-01-04,"Los Angeles Clippers","Memphis Grizzlies",114,140,-26,254,14,11,25
"694",2020-01-04,"Brooklyn Nets","Toronto Raptors",102,121,-19,223,6,15,21
"695",2020-01-04,"Orlando Magic","Utah Jazz",96,109,-13,205,9,14,23
"696",2020-01-04,"Atlanta Hawks","Indiana Pacers",116,111,5,227,4,13,17
"697",2020-01-04,"Cleveland Cavaliers","Oklahoma City Thunder",106,121,-15,227,9,18,27
"698",2020-01-04,"Washington Wizards","Denver Nuggets",128,114,14,242,14,9,23
"699",2020-01-04,"Chicago Bulls","Boston Celtics",104,111,-7,215,11,13,24
"700",2020-01-04,"Dallas Mavericks","Charlotte Hornets",120,123,-3,243,14,16,30
"701",2020-01-04,"Milwaukee Bucks","San Antonio Spurs",127,118,9,245,7,11,18
"702",2020-01-04,"Golden State Warriors","Detroit Pistons",104,111,-7,215,11,9,20
"703",2020-01-04,"Sacramento Kings","New Orleans Pelicans",115,117,-2,232,14,9,23
"704",2020-01-03,"Boston Celtics","Atlanta Hawks",109,106,3,215,12,6,18
"705",2020-01-03,"Orlando Magic","Miami Heat",105,85,20,190,7,10,17
"706",2020-01-03,"Washington Wizards","Portland Trail Blazers",103,122,-19,225,14,11,25
"707",2020-01-03,"Houston Rockets","Philadelphia 76ers",118,108,10,226,8,10,18
"708",2020-01-03,"Phoenix Suns","New York Knicks",120,112,8,232,9,13,22
"709",2020-01-03,"Los Angeles Lakers","New Orleans Pelicans",123,113,10,236,8,9,17
"710",2020-01-02,"Cleveland Cavaliers","Charlotte Hornets",106,109,-3,215,7,10,17
"711",2020-01-02,"Indiana Pacers","Denver Nuggets",116,124,-8,240,9,15,24
"712",2020-01-02,"Miami Heat","Toronto Raptors",84,76,8,160,9,13,22
"713",2020-01-02,"Chicago Bulls","Utah Jazz",98,102,-4,200,15,7,22
"714",2020-01-02,"Minnesota Timberwolves","Golden State Warriors",99,84,15,183,17,7,24
"715",2020-01-02,"Dallas Mavericks","Brooklyn Nets",123,111,12,234,12,12,24
"716",2020-01-02,"San Antonio Spurs","Oklahoma City Thunder",103,109,-6,212,14,8,22
"717",2020-01-02,"Sacramento Kings","Memphis Grizzlies",128,123,5,251,7,8,15
"718",2020-01-02,"Los Angeles Clippers","Detroit Pistons",126,112,14,238,11,12,23
"719",2020-01-01,"Washington Wizards","Orlando Magic",101,122,-21,223,9,11,20
"720",2020-01-01,"New York Knicks","Portland Trail Blazers",117,93,24,210,9,10,19
"721",2020-01-01,"Milwaukee Bucks","Minnesota Timberwolves",106,104,2,210,12,6,18
"722",2020-01-01,"Los Angeles Lakers","Phoenix Suns",117,107,10,224,13,11,24
"723",2019-12-31,"Charlotte Hornets","Boston Celtics",92,109,-17,201,8,15,23
"724",2019-12-31,"Indiana Pacers","Philadelphia 76ers",115,97,18,212,5,14,19
"725",2019-12-31,"Sacramento Kings","Los Angeles Clippers",87,105,-18,192,11,14,25
"726",2019-12-31,"Toronto Raptors","Cleveland Cavaliers",117,97,20,214,10,8,18
"727",2019-12-31,"Houston Rockets","Denver Nuggets",130,104,26,234,13,14,27
"728",2019-12-31,"San Antonio Spurs","Golden State Warriors",117,113,4,230,10,9,19
"729",2019-12-31,"Oklahoma City Thunder","Dallas Mavericks",106,101,5,207,18,17,35
"730",2019-12-30,"Orlando Magic","Atlanta Hawks",93,101,-8,194,11,11,22
"731",2019-12-30,"Washington Wizards","Miami Heat",123,105,18,228,9,10,19
"732",2019-12-30,"Chicago Bulls","Milwaukee Bucks",102,123,-21,225,14,10,24
"733",2019-12-30,"Minnesota Timberwolves","Brooklyn Nets",122,115,7,237,11,7,18
"734",2019-12-30,"Utah Jazz","Detroit Pistons",104,81,23,185,9,10,19
"735",2019-12-30,"Portland Trail Blazers","Phoenix Suns",116,122,-6,238,10,10,20
"736",2019-12-29,"Toronto Raptors","Oklahoma City Thunder",97,98,-1,195,8,8,16
"737",2019-12-29,"Memphis Grizzlies","Charlotte Hornets",117,104,13,221,13,11,24
"738",2019-12-29,"New Orleans Pelicans","Houston Rockets",127,112,15,239,15,8,23
"739",2019-12-29,"Denver Nuggets","Sacramento Kings",120,115,5,235,10,9,19
"740",2019-12-29,"Los Angeles Lakers","Dallas Mavericks",108,95,13,203,6,13,19
"741",2019-12-28,"Denver Nuggets","Memphis Grizzlies",119,110,9,229,10,11,21
"742",2019-12-28,"Boston Celtics","Toronto Raptors",97,113,-16,210,7,15,22
"743",2019-12-28,"New Orleans Pelicans","Indiana Pacers",120,98,22,218,11,12,23
"744",2019-12-28,"Miami Heat","Philadelphia 76ers",117,116,1,233,8,8,16
"745",2019-12-28,"Washington Wizards","New York Knicks",100,107,-7,207,14,11,25
"746",2019-12-28,"Chicago Bulls","Atlanta Hawks",116,81,35,197,13,9,22
"747",2019-12-28,"Houston Rockets","Brooklyn Nets",108,98,10,206,16,9,25
"748",2019-12-28,"Minnesota Timberwolves","Cleveland Cavaliers",88,94,-6,182,13,14,27
"749",2019-12-28,"Milwaukee Bucks","Orlando Magic",111,100,11,211,13,5,18
"750",2019-12-28,"San Antonio Spurs","Detroit Pistons",136,109,27,245,7,10,17
"751",2019-12-28,"Golden State Warriors","Dallas Mavericks",121,141,-20,262,9,9,18
"752",2019-12-28,"Sacramento Kings","Phoenix Suns",110,112,-2,222,7,8,15
"753",2019-12-28,"Portland Trail Blazers","Los Angeles Lakers",120,128,-8,248,9,11,20
"754",2019-12-28,"Los Angeles Clippers","Utah Jazz",107,120,-13,227,16,6,22
"755",2019-12-27,"Boston Celtics","Cleveland Cavaliers",129,117,12,246,12,6,18
"756",2019-12-27,"Charlotte Hornets","Oklahoma City Thunder",102,104,-2,206,17,10,27
"757",2019-12-27,"Orlando Magic","Philadelphia 76ers",98,97,1,195,10,7,17
"758",2019-12-27,"Atlanta Hawks","Milwaukee Bucks",86,112,-26,198,8,6,14
"759",2019-12-27,"Miami Heat","Indiana Pacers",113,112,1,225,14,2,16
"760",2019-12-27,"Golden State Warriors","Phoenix Suns",105,96,9,201,11,11,22
"761",2019-12-26,"Detroit Pistons","Washington Wizards",132,102,30,234,11,18,29
"762",2019-12-26,"Brooklyn Nets","New York Knicks",82,94,-12,176,9,13,22
"763",2019-12-26,"Oklahoma City Thunder","Memphis Grizzlies",97,110,-13,207,7,8,15
"764",2019-12-26,"Dallas Mavericks","San Antonio Spurs",102,98,4,200,13,5,18
"765",2019-12-26,"Sacramento Kings","Minnesota Timberwolves",104,105,-1,209,16,14,30
"766",2019-12-26,"Utah Jazz","Portland Trail Blazers",121,115,6,236,7,11,18
"767",2019-12-25,"Toronto Raptors","Boston Celtics",102,118,-16,220,7,13,20
"768",2019-12-25,"Philadelphia 76ers","Milwaukee Bucks",121,109,12,230,14,8,22
"769",2019-12-25,"Golden State Warriors","Houston Rockets",116,104,12,220,11,14,25
"770",2019-12-25,"Los Angeles Lakers","Los Angeles Clippers",106,111,-5,217,12,13,25
"771",2019-12-25,"Denver Nuggets","New Orleans Pelicans",100,112,-12,212,13,14,27
"772",2019-12-23,"Cleveland Cavaliers","Atlanta Hawks",121,118,3,239,7,5,12
"773",2019-12-23,"Detroit Pistons","Philadelphia 76ers",109,125,-16,234,6,17,23
"774",2019-12-23,"Indiana Pacers","Toronto Raptors",120,115,5,235,13,12,25
"775",2019-12-23,"New York Knicks","Washington Wizards",115,121,-6,236,11,16,27
"776",2019-12-23,"Orlando Magic","Chicago Bulls",103,95,8,198,6,11,17
"777",2019-12-23,"Miami Heat","Utah Jazz",107,104,3,211,13,10,23
"778",2019-12-23,"Memphis Grizzlies","San Antonio Spurs",115,145,-30,260,11,4,15
"779",2019-12-23,"Phoenix Suns","Denver Nuggets",111,113,-2,224,9,6,15
"780",2019-12-23,"Portland Trail Blazers","New Orleans Pelicans",94,102,-8,196,8,13,21
"781",2019-12-23,"Sacramento Kings","Houston Rockets",104,113,-9,217,11,6,17
"782",2019-12-23,"Golden State Warriors","Minnesota Timberwolves",113,104,9,217,13,9,22
"783",2019-12-22,"Toronto Raptors","Dallas Mavericks",110,107,3,217,14,14,28
"784",2019-12-22,"Boston Celtics","Charlotte Hornets",119,93,26,212,10,2,12
"785",2019-12-22,"Milwaukee Bucks","Indiana Pacers",117,89,28,206,16,10,26
"786",2019-12-22,"Oklahoma City Thunder","Los Angeles Clippers",118,112,6,230,16,10,26
"787",2019-12-22,"Los Angeles Lakers","Denver Nuggets",104,128,-24,232,18,17,35
"788",2019-12-21,"Charlotte Hornets","Utah Jazz",107,114,-7,221,11,8,19
"789",2019-12-21,"Brooklyn Nets","Atlanta Hawks",122,112,10,234,12,14,26
"790",2019-12-21,"Detroit Pistons","Chicago Bulls",107,119,-12,226,6,11,17
"791",2019-12-21,"Philadelphia 76ers","Washington Wizards",125,108,17,233,16,7,23
"792",2019-12-21,"New York Knicks","Milwaukee Bucks",102,123,-21,225,9,8,17
"793",2019-12-21,"Memphis Grizzlies","Sacramento Kings",119,115,4,234,8,18,26
"794",2019-12-21,"San Antonio Spurs","Los Angeles Clippers",109,134,-25,243,4,13,17
"795",2019-12-21,"Phoenix Suns","Houston Rockets",125,139,-14,264,10,5,15
"796",2019-12-21,"Portland Trail Blazers","Minnesota Timberwolves",113,106,7,219,12,7,19
"797",2019-12-20,"Cleveland Cavaliers","Memphis Grizzlies",114,107,7,221,16,10,26
"798",2019-12-20,"Indiana Pacers","Sacramento Kings",119,105,14,224,7,13,20
"799",2019-12-20,"Boston Celtics","Detroit Pistons",114,93,21,207,13,11,24
"800",2019-12-20,"Toronto Raptors","Washington Wizards",122,118,4,240,6,8,14
"801",2019-12-20,"Miami Heat","New York Knicks",129,114,15,243,9,13,22
"802",2019-12-20,"Philadelphia 76ers","Dallas Mavericks",98,117,-19,215,11,8,19
"803",2019-12-20,"Oklahoma City Thunder","Phoenix Suns",126,108,18,234,8,12,20
"804",2019-12-20,"Denver Nuggets","Minnesota Timberwolves",109,100,9,209,10,16,26
"805",2019-12-20,"Portland Trail Blazers","Orlando Magic",118,103,15,221,11,18,29
"806",2019-12-20,"Golden State Warriors","New Orleans Pelicans",106,102,4,208,10,13,23
"807",2019-12-19,"Atlanta Hawks","Utah Jazz",106,111,-5,217,6,13,19
"808",2019-12-19,"Milwaukee Bucks","Los Angeles Lakers",111,104,7,215,8,7,15
"809",2019-12-19,"San Antonio Spurs","Brooklyn Nets",118,105,13,223,13,6,19
"810",2019-12-19,"Los Angeles Clippers","Houston Rockets",117,122,-5,239,7,10,17
"811",2019-12-18,"Cleveland Cavaliers","Charlotte Hornets",100,98,2,198,10,15,25
"812",2019-12-18,"Detroit Pistons","Toronto Raptors",99,112,-13,211,10,12,22
"813",2019-12-18,"Washington Wizards","Chicago Bulls",109,110,-1,219,14,11,25
"814",2019-12-18,"Philadelphia 76ers","Miami Heat",104,108,-4,212,15,11,26
"815",2019-12-18,"Minnesota Timberwolves","New Orleans Pelicans",99,107,-8,206,12,11,23
"816",2019-12-18,"Oklahoma City Thunder","Memphis Grizzlies",126,122,4,248,6,15,21
"817",2019-12-18,"Denver Nuggets","Orlando Magic",113,104,9,217,14,8,22
"818",2019-12-18,"Dallas Mavericks","Boston Celtics",103,109,-6,212,10,14,24
"819",2019-12-18,"Portland Trail Blazers","Golden State Warriors",122,112,10,234,14,17,31
"820",2019-12-17,"Charlotte Hornets","Sacramento Kings",110,102,8,212,16,10,26
"821",2019-12-17,"Indiana Pacers","Los Angeles Lakers",105,102,3,207,13,14,27
"822",2019-12-17,"New York Knicks","Atlanta Hawks",143,120,23,263,13,9,22
"823",2019-12-17,"New Orleans Pelicans","Brooklyn Nets",101,108,-7,209,16,6,22
"824",2019-12-17,"Utah Jazz","Orlando Magic",109,102,7,211,10,4,14
"825",2019-12-17,"Los Angeles Clippers","Phoenix Suns",120,99,21,219,6,16,22
"826",2019-12-16,"Detroit Pistons","Washington Wizards",119,133,-14,252,12,7,19
"827",2019-12-16,"Toronto Raptors","Cleveland Cavaliers",133,113,20,246,6,9,15
"828",2019-12-16,"Houston Rockets","San Antonio Spurs",109,107,2,216,14,8,22
"829",2019-12-16,"Memphis Grizzlies","Miami Heat",118,111,7,229,16,7,23
"830",2019-12-16,"Milwaukee Bucks","Dallas Mavericks",116,120,-4,236,15,8,23
"831",2019-12-16,"Oklahoma City Thunder","Chicago Bulls",109,106,3,215,9,5,14
"832",2019-12-16,"Phoenix Suns","Portland Trail Blazers",110,111,-1,221,11,9,20
"833",2019-12-15,"New Orleans Pelicans","Orlando Magic",119,130,-11,249,11,8,19
"834",2019-12-15,"Indiana Pacers","Charlotte Hornets",107,85,22,192,8,17,25
"835",2019-12-15,"Atlanta Hawks","Los Angeles Lakers",96,101,-5,197,8,13,21
"836",2019-12-15,"Brooklyn Nets","Philadelphia 76ers",109,89,20,198,12,7,19
"837",2019-12-15,"Denver Nuggets","New York Knicks",111,105,6,216,17,14,31
"838",2019-12-15,"Golden State Warriors","Sacramento Kings",79,100,-21,179,7,4,11
"839",2019-12-14,"Phoenix Suns","San Antonio Spurs",119,121,-2,240,6,10,16
"840",2019-12-14,"Toronto Raptors","Brooklyn Nets",110,102,8,212,10,13,23
"841",2019-12-14,"Chicago Bulls","Los Angeles Clippers",109,106,3,215,12,8,20
"842",2019-12-14,"Memphis Grizzlies","Washington Wizards",128,111,17,239,9,11,20
"843",2019-12-14,"Dallas Mavericks","Miami Heat",118,122,-4,240,8,5,13
"844",2019-12-14,"Milwaukee Bucks","Cleveland Cavaliers",125,108,17,233,8,12,20
"845",2019-12-14,"Houston Rockets","Detroit Pistons",107,115,-8,222,11,11,22
"846",2019-12-14,"Denver Nuggets","Oklahoma City Thunder",110,102,8,212,10,7,17
"847",2019-12-13,"Orlando Magic","Houston Rockets",107,130,-23,237,13,7,20
"848",2019-12-13,"Philadelphia 76ers","New Orleans Pelicans",116,109,7,225,9,12,21
"849",2019-12-13,"Miami Heat","Los Angeles Lakers",110,113,-3,223,5,14,19
"850",2019-12-13,"Atlanta Hawks","Indiana Pacers",100,110,-10,210,12,6,18
"851",2019-12-13,"Chicago Bulls","Charlotte Hornets",73,83,-10,156,11,11,22
"852",2019-12-13,"Memphis Grizzlies","Milwaukee Bucks",114,127,-13,241,11,9,20
"853",2019-12-13,"Utah Jazz","Golden State Warriors",114,106,8,220,7,14,21
"854",2019-12-13,"Minnesota Timberwolves","Los Angeles Clippers",117,124,-7,241,7,8,15
"855",2019-12-13,"Sacramento Kings","New York Knicks",101,103,-2,204,8,14,22
"856",2019-12-12,"Boston Celtics","Philadelphia 76ers",109,115,-6,224,9,8,17
"857",2019-12-12,"San Antonio Spurs","Cleveland Cavaliers",109,117,-8,226,2,11,13
"858",2019-12-12,"Detroit Pistons","Dallas Mavericks",111,122,-11,233,5,11,16
"859",2019-12-12,"Denver Nuggets","Portland Trail Blazers",114,99,15,213,15,7,22
"860",2019-12-11,"Cleveland Cavaliers","Houston Rockets",110,116,-6,226,9,11,20
"861",2019-12-11,"Indiana Pacers","Boston Celtics",122,117,5,239,5,8,13
"862",2019-12-11,"Orlando Magic","Los Angeles Lakers",87,96,-9,183,8,12,20
"863",2019-12-11,"Toronto Raptors","Los Angeles Clippers",92,112,-20,204,15,12,27
"864",2019-12-11,"Brooklyn Nets","Charlotte Hornets",108,113,-5,221,17,15,32
"865",2019-12-11,"Chicago Bulls","Atlanta Hawks",136,102,34,238,7,10,17
"866",2019-12-11,"Minnesota Timberwolves","Utah Jazz",116,127,-11,243,15,11,26
"867",2019-12-11,"Phoenix Suns","Memphis Grizzlies",108,115,-7,223,8,7,15
"868",2019-12-11,"Milwaukee Bucks","New Orleans Pelicans",127,112,15,239,5,7,12
"869",2019-12-11,"Sacramento Kings","Oklahoma City Thunder",94,93,1,187,6,7,13
"870",2019-12-11,"Golden State Warriors","New York Knicks",122,124,-2,246,14,12,26
"871",2019-12-10,"Charlotte Hornets","Washington Wizards",114,107,7,221,11,13,24
"872",2019-12-10,"Philadelphia 76ers","Denver Nuggets",97,92,5,189,12,5,17
"873",2019-12-10,"Miami Heat","Atlanta Hawks",135,121,14,256,9,4,13
"874",2019-12-10,"Portland Trail Blazers","New York Knicks",115,87,28,202,11,11,22
"875",2019-12-09,"Indiana Pacers","Los Angeles Clippers",99,110,-11,209,14,12,26
"876",2019-12-09,"Boston Celtics","Cleveland Cavaliers",110,88,22,198,5,18,23
"877",2019-12-09,"Chicago Bulls","Toronto Raptors",92,93,-1,185,9,14,23
"878",2019-12-09,"Houston Rockets","Sacramento Kings",118,119,-1,237,11,9,20
"879",2019-12-09,"Milwaukee Bucks","Orlando Magic",110,101,9,211,10,9,19
"880",2019-12-09,"New Orleans Pelicans","Detroit Pistons",103,105,-2,208,10,10,20
"881",2019-12-09,"Phoenix Suns","Minnesota Timberwolves",125,109,16,234,12,11,23
"882",2019-12-09,"Utah Jazz","Oklahoma City Thunder",90,104,-14,194,7,2,9
"883",2019-12-09,"Golden State Warriors","Memphis Grizzlies",102,110,-8,212,10,1,11
"884",2019-12-08,"Brooklyn Nets","Denver Nuggets",105,102,3,207,10,7,17
"885",2019-12-08,"Charlotte Hornets","Atlanta Hawks",107,122,-15,229,13,11,24
"886",2019-12-08,"Miami Heat","Chicago Bulls",110,105,5,215,10,6,16
"887",2019-12-08,"Philadelphia 76ers","Toronto Raptors",110,104,6,214,6,13,19
"888",2019-12-08,"Washington Wizards","Los Angeles Clippers",119,135,-16,254,8,9,17
"889",2019-12-08,"Dallas Mavericks","Sacramento Kings",106,110,-4,216,10,7,17
"890",2019-12-08,"Portland Trail Blazers","Oklahoma City Thunder",96,108,-12,204,18,13,31
"891",2019-12-08,"Los Angeles Lakers","Minnesota Timberwolves",142,125,17,267,10,6,16
"892",2019-12-07,"Dallas Mavericks","New Orleans Pelicans",130,84,46,214,8,8,16
"893",2019-12-07,"New York Knicks","Indiana Pacers",103,104,-1,207,15,5,20
"894",2019-12-07,"Philadelphia 76ers","Cleveland Cavaliers",141,94,47,235,10,11,21
"895",2019-12-07,"Houston Rockets","Phoenix Suns",115,109,6,224,10,13,23
"896",2019-12-07,"Utah Jazz","Memphis Grizzlies",126,112,14,238,9,5,14
"897",2019-12-06,"Charlotte Hornets","Brooklyn Nets",104,111,-7,215,10,15,25
"898",2019-12-06,"Cleveland Cavaliers","Orlando Magic",87,93,-6,180,10,10,20
"899",2019-12-06,"Detroit Pistons","Indiana Pacers",108,101,7,209,14,5,19
"900",2019-12-06,"Boston Celtics","Denver Nuggets",108,95,13,203,4,12,16
"901",2019-12-06,"Miami Heat","Washington Wizards",112,103,9,215,11,9,20
"902",2019-12-06,"Chicago Bulls","Golden State Warriors",98,100,-2,198,10,6,16
"903",2019-12-06,"Oklahoma City Thunder","Minnesota Timberwolves",139,127,12,266,9,10,19
"904",2019-12-06,"Milwaukee Bucks","Los Angeles Clippers",119,91,28,210,13,12,25
"905",2019-12-06,"San Antonio Spurs","Sacramento Kings",105,104,1,209,13,16,29
"906",2019-12-06,"Portland Trail Blazers","Los Angeles Lakers",113,136,-23,249,4,3,7
"907",2019-12-05,"Washington Wizards","Philadelphia 76ers",119,113,6,232,13,8,21
"908",2019-12-05,"New York Knicks","Denver Nuggets",92,129,-37,221,5,9,14
"909",2019-12-05,"Toronto Raptors","Houston Rockets",109,119,-10,228,12,20,32
"910",2019-12-05,"New Orleans Pelicans","Phoenix Suns",132,139,-7,271,6,19,25
"911",2019-12-04,"Charlotte Hornets","Golden State Warriors",106,91,15,197,11,6,17
"912",2019-12-04,"Detroit Pistons","Milwaukee Bucks",103,127,-24,230,9,10,19
"913",2019-12-04,"Orlando Magic","Phoenix Suns",128,114,14,242,11,8,19
"914",2019-12-04,"Atlanta Hawks","Brooklyn Nets",118,130,-12,248,9,18,27
"915",2019-12-04,"Boston Celtics","Miami Heat",112,93,19,205,10,8,18
"916",2019-12-04,"Chicago Bulls","Memphis Grizzlies",106,99,7,205,10,11,21
"917",2019-12-04,"Oklahoma City Thunder","Indiana Pacers",100,107,-7,207,8,11,19
"918",2019-12-04,"Dallas Mavericks","Minnesota Timberwolves",121,114,7,235,13,15,28
"919",2019-12-04,"Utah Jazz","Los Angeles Lakers",96,121,-25,217,8,8,16
"920",2019-12-04,"Portland Trail Blazers","Sacramento Kings",127,116,11,243,6,13,19
"921",2019-12-03,"Cleveland Cavaliers","Detroit Pistons",94,127,-33,221,12,10,22
"922",2019-12-03,"Washington Wizards","Orlando Magic",120,127,-7,247,5,8,13
"923",2019-12-03,"Toronto Raptors","Miami Heat",110,121,-11,231,9,10,19
"924",2019-12-03,"New Orleans Pelicans","Dallas Mavericks",97,118,-21,215,9,10,19
"925",2019-12-03,"San Antonio Spurs","Houston Rockets",135,133,2,268,12,18,30
"926",2019-12-03,"Denver Nuggets","Los Angeles Lakers",96,105,-9,201,7,14,21
"927",2019-12-03,"Los Angeles Clippers","Portland Trail Blazers",117,97,20,214,11,12,23
"928",2019-12-02,"Charlotte Hornets","Phoenix Suns",104,109,-5,213,14,9,23
"929",2019-12-02,"Philadelphia 76ers","Utah Jazz",103,94,9,197,8,5,13
"930",2019-12-02,"Atlanta Hawks","Golden State Warriors",104,79,25,183,11,18,29
"931",2019-12-02,"Memphis Grizzlies","Indiana Pacers",104,117,-13,221,8,8,16
"932",2019-12-02,"Milwaukee Bucks","New York Knicks",132,88,44,220,10,14,24
"933",2019-12-02,"Sacramento Kings","Chicago Bulls",106,113,-7,219,10,3,13
"934",2019-12-01,"Brooklyn Nets","Miami Heat",106,109,-3,215,9,16,25
"935",2019-12-01,"New York Knicks","Boston Celtics",104,113,-9,217,8,16,24
"936",2019-12-01,"Minnesota Timberwolves","Memphis Grizzlies",107,115,-8,222,10,12,22
"937",2019-12-01,"Los Angeles Lakers","Dallas Mavericks",100,114,-14,214,9,16,25
"938",2019-12-01,"Detroit Pistons","San Antonio Spurs",132,98,34,230,11,7,18
"939",2019-12-01,"New Orleans Pelicans","Oklahoma City Thunder",104,107,-3,211,3,5,8
"940",2019-12-01,"Orlando Magic","Golden State Warriors",100,96,4,196,12,15,27
"941",2019-12-01,"Toronto Raptors","Utah Jazz",130,110,20,240,7,15,22
"942",2019-12-01,"Los Angeles Clippers","Washington Wizards",150,125,25,275,10,12,22
"943",2019-11-30,"Sacramento Kings","Denver Nuggets",100,97,3,197,13,9,22
"944",2019-11-30,"Philadelphia 76ers","Indiana Pacers",119,116,3,235,4,3,7
"945",2019-11-30,"Houston Rockets","Atlanta Hawks",158,111,47,269,13,8,21
"946",2019-11-30,"Milwaukee Bucks","Charlotte Hornets",137,96,41,233,7,15,22
"947",2019-11-29,"Brooklyn Nets","Boston Celtics",112,107,5,219,13,16,29
"948",2019-11-29,"Detroit Pistons","Charlotte Hornets",107,110,-3,217,14,11,25
"949",2019-11-29,"Orlando Magic","Toronto Raptors",83,90,-7,173,13,11,24
"950",2019-11-29,"Cleveland Cavaliers","Milwaukee Bucks",110,119,-9,229,8,11,19
"951",2019-11-29,"New York Knicks","Philadelphia 76ers",95,101,-6,196,9,8,17
"952",2019-11-29,"Indiana Pacers","Atlanta Hawks",105,104,1,209,9,10,19
"953",2019-11-29,"Miami Heat","Golden State Warriors",122,105,17,227,10,5,15
"954",2019-11-29,"Memphis Grizzlies","Utah Jazz",94,103,-9,197,15,11,26
"955",2019-11-29,"Oklahoma City Thunder","New Orleans Pelicans",109,104,5,213,6,7,13
"956",2019-11-29,"San Antonio Spurs","Los Angeles Clippers",107,97,10,204,8,9,17
"957",2019-11-29,"Phoenix Suns","Dallas Mavericks",113,120,-7,233,11,9,20
"958",2019-11-29,"Portland Trail Blazers","Chicago Bulls",107,103,4,210,8,11,19
"959",2019-11-29,"Los Angeles Lakers","Washington Wizards",125,103,22,228,7,13,20
"960",2019-11-27,"Boston Celtics","Brooklyn Nets",121,110,11,231,19,11,30
"961",2019-11-27,"Charlotte Hornets","Detroit Pistons",102,101,1,203,10,9,19
"962",2019-11-27,"Cleveland Cavaliers","Orlando Magic",104,116,-12,220,12,6,18
"963",2019-11-27,"Indiana Pacers","Utah Jazz",121,102,19,223,11,10,21
"964",2019-11-27,"Philadelphia 76ers","Sacramento Kings",97,91,6,188,7,8,15
"965",2019-11-27,"Toronto Raptors","New York Knicks",126,98,28,224,17,15,32
"966",2019-11-27,"Houston Rockets","Miami Heat",117,108,9,225,9,8,17
"967",2019-11-27,"Memphis Grizzlies","Los Angeles Clippers",119,121,-2,240,13,13,26
"968",2019-11-27,"Milwaukee Bucks","Atlanta Hawks",111,102,9,213,10,14,24
"969",2019-11-27,"San Antonio Spurs","Minnesota Timberwolves",101,113,-12,214,8,7,15
"970",2019-11-27,"Phoenix Suns","Washington Wizards",132,140,-8,272,12,4,16
"971",2019-11-27,"New Orleans Pelicans","Los Angeles Lakers",110,114,-4,224,13,7,20
"972",2019-11-27,"Portland Trail Blazers","Oklahoma City Thunder",136,119,17,255,10,8,18
"973",2019-11-27,"Golden State Warriors","Chicago Bulls",104,90,14,194,13,14,27
"974",2019-11-26,"Dallas Mavericks","Los Angeles Clippers",99,114,-15,213,9,17,26
"975",2019-11-26,"Denver Nuggets","Washington Wizards",117,104,13,221,10,5,15
"976",2019-11-25,"Cleveland Cavaliers","Brooklyn Nets",106,108,-2,214,12,12,24
"977",2019-11-25,"Detroit Pistons","Orlando Magic",103,88,15,191,9,8,17
"978",2019-11-25,"Indiana Pacers","Memphis Grizzlies",126,114,12,240,10,8,18
"979",2019-11-25,"Atlanta Hawks","Minnesota Timberwolves",113,125,-12,238,9,14,23
"980",2019-11-25,"Boston Celtics","Sacramento Kings",103,102,1,205,11,8,19
"981",2019-11-25,"Miami Heat","Charlotte Hornets",117,100,17,217,8,10,18
"982",2019-11-25,"Toronto Raptors","Philadelphia 76ers",101,96,5,197,8,14,22
"983",2019-11-25,"Chicago Bulls","Portland Trail Blazers",94,117,-23,211,8,13,21
"984",2019-11-25,"Milwaukee Bucks","Utah Jazz",122,118,4,240,15,4,19
"985",2019-11-25,"San Antonio Spurs","Los Angeles Lakers",104,114,-10,218,9,10,19
"986",2019-11-25,"Golden State Warriors","Oklahoma City Thunder",97,100,-3,197,9,9,18
"987",2019-11-24,"Houston Rockets","Dallas Mavericks",123,137,-14,260,15,12,27
"988",2019-11-24,"New York Knicks","Brooklyn Nets",101,103,-2,204,9,7,16
"989",2019-11-24,"Washington Wizards","Sacramento Kings",106,113,-7,219,12,6,18
"990",2019-11-24,"Denver Nuggets","Phoenix Suns",116,104,12,220,19,7,26
"991",2019-11-24,"Los Angeles Clippers","New Orleans Pelicans",134,109,25,243,16,12,28
"992",2019-11-23,"Minnesota Timberwolves","Phoenix Suns",98,100,-2,198,9,12,21
"993",2019-11-23,"Charlotte Hornets","Chicago Bulls",115,116,-1,231,10,13,23
"994",2019-11-23,"Indiana Pacers","Orlando Magic",111,106,5,217,7,7,14
"995",2019-11-23,"Atlanta Hawks","Toronto Raptors",116,119,-3,235,8,12,20
"996",2019-11-23,"New York Knicks","San Antonio Spurs",104,111,-7,215,10,9,19
"997",2019-11-23,"Philadelphia 76ers","Miami Heat",113,86,27,199,8,9,17
"998",2019-11-23,"Cleveland Cavaliers","Portland Trail Blazers",110,104,6,214,9,6,15
"999",2019-11-23,"Memphis Grizzlies","Los Angeles Lakers",108,109,-1,217,12,11,23
"1000",2019-11-23,"Milwaukee Bucks","Detroit Pistons",104,90,14,194,9,6,15
"1001",2019-11-23,"Utah Jazz","New Orleans Pelicans",128,120,8,248,7,9,16
"1002",2019-11-22,"Detroit Pistons","Atlanta Hawks",128,103,25,231,12,10,22
"1003",2019-11-22,"Washington Wizards","Charlotte Hornets",125,118,7,243,6,7,13
"1004",2019-11-22,"Brooklyn Nets","Sacramento Kings",116,97,19,213,13,7,20
"1005",2019-11-22,"Philadelphia 76ers","San Antonio Spurs",115,104,11,219,13,3,16
"1006",2019-11-22,"Chicago Bulls","Miami Heat",108,116,-8,224,14,9,23
"1007",2019-11-22,"Oklahoma City Thunder","Los Angeles Lakers",127,130,-3,257,6,11,17
"1008",2019-11-22,"Dallas Mavericks","Cleveland Cavaliers",143,101,42,244,10,8,18
"1009",2019-11-22,"Denver Nuggets","Boston Celtics",96,92,4,188,11,5,16
"1010",2019-11-22,"Utah Jazz","Golden State Warriors",113,109,4,222,8,6,14
"1011",2019-11-22,"Los Angeles Clippers","Houston Rockets",122,119,3,241,10,11,21
"1012",2019-11-21,"Milwaukee Bucks","Portland Trail Blazers",137,129,8,266,18,9,27
"1013",2019-11-21,"Phoenix Suns","New Orleans Pelicans",121,124,-3,245,9,8,17
"1014",2019-11-20,"Philadelphia 76ers","New York Knicks",109,104,5,213,10,7,17
"1015",2019-11-20,"Washington Wizards","San Antonio Spurs",138,132,6,270,6,12,18
"1016",2019-11-20,"Atlanta Hawks","Milwaukee Bucks",127,135,-8,262,9,8,17
"1017",2019-11-20,"Brooklyn Nets","Charlotte Hornets",101,91,10,192,13,8,21
"1018",2019-11-20,"Miami Heat","Cleveland Cavaliers",124,100,24,224,12,10,22
"1019",2019-11-20,"Toronto Raptors","Orlando Magic",113,97,16,210,10,16,26
"1020",2019-11-20,"Dallas Mavericks","Golden State Warriors",142,94,48,236,8,9,17
"1021",2019-11-20,"Chicago Bulls","Detroit Pistons",109,89,20,198,12,12,24
"1022",2019-11-20,"Minnesota Timberwolves","Utah Jazz",95,103,-8,198,12,13,25
"1023",2019-11-20,"Denver Nuggets","Houston Rockets",105,95,10,200,15,9,24
"1024",2019-11-20,"Los Angeles Clippers","Boston Celtics",107,104,3,211,14,18,32
"1025",2019-11-19,"Memphis Grizzlies","Golden State Warriors",95,114,-19,209,7,11,18
"1026",2019-11-19,"New Orleans Pelicans","Portland Trail Blazers",115,104,11,219,16,11,27
"1027",2019-11-19,"Sacramento Kings","Phoenix Suns",120,116,4,236,8,14,22
"1028",2019-11-19,"Los Angeles Lakers","Oklahoma City Thunder",112,107,5,219,14,8,22
"1029",2019-11-18,"New York Knicks","Cleveland Cavaliers",123,105,18,228,19,10,29
"1030",2019-11-18,"Brooklyn Nets","Indiana Pacers",86,115,-29,201,4,15,19
"1031",2019-11-18,"Toronto Raptors","Charlotte Hornets",132,96,36,228,16,9,25
"1032",2019-11-18,"Chicago Bulls","Milwaukee Bucks",101,115,-14,216,13,8,21
"1033",2019-11-18,"Houston Rockets","Portland Trail Blazers",132,108,24,240,17,12,29
"1034",2019-11-18,"Dallas Mavericks","San Antonio Spurs",117,110,7,227,9,17,26
"1035",2019-11-18,"Phoenix Suns","Boston Celtics",85,99,-14,184,8,11,19
"1036",2019-11-18,"Utah Jazz","Minnesota Timberwolves",102,112,-10,214,12,5,17
"1037",2019-11-18,"Los Angeles Clippers","Oklahoma City Thunder",90,88,2,178,13,9,22
"1038",2019-11-17,"Cleveland Cavaliers","Philadelphia 76ers",95,114,-19,209,11,4,15
"1039",2019-11-17,"Sacramento Kings","Boston Celtics",100,99,1,199,10,10,20
"1040",2019-11-17,"Orlando Magic","Washington Wizards",125,121,4,246,11,9,20
"1041",2019-11-17,"Memphis Grizzlies","Denver Nuggets",114,131,-17,245,9,6,15
"1042",2019-11-17,"New Orleans Pelicans","Golden State Warriors",108,100,8,208,11,9,20
"1043",2019-11-17,"Los Angeles Lakers","Atlanta Hawks",122,101,21,223,10,9,19
"1044",2019-11-16,"Chicago Bulls","Brooklyn Nets",111,117,-6,228,17,5,22
"1045",2019-11-16,"Indiana Pacers","Milwaukee Bucks",83,102,-19,185,14,8,22
"1046",2019-11-16,"New York Knicks","Charlotte Hornets",102,103,-1,205,13,12,25
"1047",2019-11-16,"Miami Heat","New Orleans Pelicans",109,94,15,203,9,7,16
"1048",2019-11-16,"Minnesota Timberwolves","Houston Rockets",105,125,-20,230,13,14,27
"1049",2019-11-16,"Dallas Mavericks","Toronto Raptors",110,102,8,212,12,7,19
"1050",2019-11-16,"San Antonio Spurs","Portland Trail Blazers",116,121,-5,237,7,9,16
"1051",2019-11-16,"Los Angeles Clippers","Atlanta Hawks",150,101,49,251,12,14,26
"1052",2019-11-15,"Charlotte Hornets","Detroit Pistons",109,106,3,215,14,7,21
"1053",2019-11-15,"Orlando Magic","San Antonio Spurs",111,109,2,220,14,8,22
"1054",2019-11-15,"Houston Rockets","Indiana Pacers",111,102,9,213,10,8,18
"1055",2019-11-15,"Memphis Grizzlies","Utah Jazz",107,106,1,213,9,9,18
"1056",2019-11-15,"Minnesota Timberwolves","Washington Wizards",116,137,-21,253,9,13,22
"1057",2019-11-15,"Oklahoma City Thunder","Philadelphia 76ers",127,119,8,246,6,13,19
"1058",2019-11-15,"Golden State Warriors","Boston Celtics",100,105,-5,205,12,11,23
"1059",2019-11-15,"Los Angeles Lakers","Sacramento Kings",99,97,2,196,10,10,20
"1060",2019-11-14,"Cleveland Cavaliers","Miami Heat",97,108,-11,205,11,4,15
"1061",2019-11-14,"New York Knicks","Dallas Mavericks",106,103,3,209,15,12,27
"1062",2019-11-14,"Milwaukee Bucks","Chicago Bulls",124,115,9,239,17,10,27
"1063",2019-11-14,"New Orleans Pelicans","Los Angeles Clippers",132,127,5,259,18,6,24
"1064",2019-11-14,"Phoenix Suns","Atlanta Hawks",128,112,16,240,7,15,22
"1065",2019-11-14,"Denver Nuggets","Brooklyn Nets",101,93,8,194,14,7,21
"1066",2019-11-13,"Charlotte Hornets","Memphis Grizzlies",117,119,-2,236,7,11,18
"1067",2019-11-13,"Orlando Magic","Philadelphia 76ers",112,97,15,209,9,8,17
"1068",2019-11-13,"Boston Celtics","Washington Wizards",140,133,7,273,10,9,19
"1069",2019-11-13,"Houston Rockets","Los Angeles Clippers",102,93,9,195,9,11,20
"1070",2019-11-13,"Minnesota Timberwolves","San Antonio Spurs",129,114,15,243,13,10,23
"1071",2019-11-13,"Los Angeles Lakers","Golden State Warriors",120,94,26,214,13,10,23
"1072",2019-11-13,"Portland Trail Blazers","Toronto Raptors",106,114,-8,220,11,14,25
"1073",2019-11-12,"Indiana Pacers","Oklahoma City Thunder",111,85,26,196,11,9,20
"1074",2019-11-12,"Philadelphia 76ers","Cleveland Cavaliers",98,97,1,195,11,9,20
"1075",2019-11-12,"Miami Heat","Detroit Pistons",117,108,9,225,8,8,16
"1076",2019-11-12,"Chicago Bulls","New York Knicks",120,102,18,222,9,13,22
"1077",2019-11-12,"Denver Nuggets","Atlanta Hawks",121,125,-4,246,15,10,25
"1078",2019-11-12,"Phoenix Suns","Los Angeles Lakers",115,123,-8,238,6,8,14
"1079",2019-11-12,"Utah Jazz","Brooklyn Nets",119,114,5,233,11,10,21
"1080",2019-11-12,"Sacramento Kings","Portland Trail Blazers",107,99,8,206,11,7,18
"1081",2019-11-11,"Detroit Pistons","Minnesota Timberwolves",114,120,-6,234,12,11,23
"1082",2019-11-11,"Boston Celtics","Dallas Mavericks",116,106,10,222,10,13,23
"1083",2019-11-11,"San Antonio Spurs","Memphis Grizzlies",109,113,-4,222,7,9,16
"1084",2019-11-11,"New Orleans Pelicans","Houston Rockets",116,122,-6,238,12,7,19
"1085",2019-11-11,"Golden State Warriors","Utah Jazz",108,122,-14,230,8,5,13
"1086",2019-11-11,"Los Angeles Clippers","Toronto Raptors",98,88,10,186,20,5,25
"1087",2019-11-10,"Minnesota Timberwolves","Denver Nuggets",98,100,-2,198,15,14,29
"1088",2019-11-10,"Orlando Magic","Indiana Pacers",102,109,-7,211,7,10,17
"1089",2019-11-10,"Philadelphia 76ers","Charlotte Hornets",114,106,8,220,10,6,16
"1090",2019-11-10,"Oklahoma City Thunder","Milwaukee Bucks",119,121,-2,240,5,5,10
"1091",2019-11-10,"New York Knicks","Cleveland Cavaliers",87,108,-21,195,17,9,26
"1092",2019-11-10,"Phoenix Suns","Brooklyn Nets",138,112,26,250,5,5,10
"1093",2019-11-10,"Portland Trail Blazers","Atlanta Hawks",124,113,11,237,16,11,27
"1094",2019-11-10,"Los Angeles Lakers","Toronto Raptors",104,113,-9,217,13,7,20
"1095",2019-11-09,"San Antonio Spurs","Boston Celtics",115,135,-20,250,21,7,28
"1096",2019-11-09,"Charlotte Hornets","New Orleans Pelicans",110,115,-5,225,13,9,22
"1097",2019-11-09,"Chicago Bulls","Houston Rockets",94,117,-23,211,11,9,20
"1098",2019-11-09,"Memphis Grizzlies","Dallas Mavericks",122,138,-16,260,10,12,22
"1099",2019-11-09,"Oklahoma City Thunder","Golden State Warriors",114,108,6,222,7,6,13
"1100",2019-11-08,"Indiana Pacers","Detroit Pistons",112,106,6,218,10,10,20
"1101",2019-11-08,"Orlando Magic","Memphis Grizzlies",118,86,32,204,12,4,16
"1102",2019-11-08,"Washington Wizards","Cleveland Cavaliers",100,113,-13,213,17,17,34
"1103",2019-11-08,"Atlanta Hawks","Sacramento Kings",109,121,-12,230,11,9,20
"1104",2019-11-08,"Minnesota Timberwolves","Golden State Warriors",125,119,6,244,20,13,33
"1105",2019-11-08,"New Orleans Pelicans","Toronto Raptors",104,122,-18,226,14,10,24
"1106",2019-11-08,"Dallas Mavericks","New York Knicks",102,106,-4,208,7,14,21
"1107",2019-11-08,"Denver Nuggets","Philadelphia 76ers",100,97,3,197,7,11,18
"1108",2019-11-08,"Utah Jazz","Milwaukee Bucks",103,100,3,203,11,16,27
"1109",2019-11-08,"Portland Trail Blazers","Brooklyn Nets",115,119,-4,234,13,16,29
"1110",2019-11-08,"Los Angeles Lakers","Miami Heat",95,80,15,175,10,8,18
"1111",2019-11-07,"Charlotte Hornets","Boston Celtics",87,108,-21,195,9,11,20
"1112",2019-11-07,"San Antonio Spurs","Oklahoma City Thunder",121,112,9,233,12,4,16
"1113",2019-11-07,"Phoenix Suns","Miami Heat",108,124,-16,232,10,5,15
"1114",2019-11-07,"Los Angeles Clippers","Portland Trail Blazers",107,101,6,208,13,17,30
"1115",2019-11-06,"Detroit Pistons","New York Knicks",122,102,20,224,8,5,13
"1116",2019-11-06,"Indiana Pacers","Washington Wizards",121,106,15,227,13,16,29
"1117",2019-11-06,"Atlanta Hawks","Chicago Bulls",93,113,-20,206,6,7,13
"1118",2019-11-06,"Toronto Raptors","Sacramento Kings",124,120,4,244,2,12,14
"1119",2019-11-06,"Houston Rockets","Golden State Warriors",129,112,17,241,11,16,27
"1120",2019-11-06,"Memphis Grizzlies","Minnesota Timberwolves",137,121,16,258,8,10,18
"1121",2019-11-06,"Dallas Mavericks","Orlando Magic",107,106,1,213,12,10,22
"1122",2019-11-06,"Utah Jazz","Philadelphia 76ers",106,104,2,210,14,7,21
"1123",2019-11-06,"Los Angeles Clippers","Milwaukee Bucks",124,129,-5,253,14,14,28
"1124",2019-11-05,"Charlotte Hornets","Indiana Pacers",122,120,2,242,10,7,17
"1125",2019-11-05,"Cleveland Cavaliers","Boston Celtics",113,119,-6,232,11,4,15
"1126",2019-11-05,"Atlanta Hawks","San Antonio Spurs",108,100,8,208,9,11,20
"1127",2019-11-05,"Chicago Bulls","Los Angeles Lakers",112,118,-6,230,7,12,19
"1128",2019-11-05,"Oklahoma City Thunder","Orlando Magic",102,94,8,196,7,16,23
"1129",2019-11-05,"Denver Nuggets","Miami Heat",109,89,20,198,9,13,22
"1130",2019-11-04,"Washington Wizards","Detroit Pistons",115,99,16,214,13,13,26
"1131",2019-11-04,"Brooklyn Nets","New Orleans Pelicans",135,125,10,260,12,10,22
"1132",2019-11-04,"Memphis Grizzlies","Houston Rockets",100,107,-7,207,13,14,27
"1133",2019-11-04,"Minnesota Timberwolves","Milwaukee Bucks",106,134,-28,240,13,11,24
"1134",2019-11-04,"Phoenix Suns","Philadelphia 76ers",114,109,5,223,5,9,14
"1135",2019-11-04,"Golden State Warriors","Portland Trail Blazers",127,118,9,245,8,16,24
"1136",2019-11-03,"Indiana Pacers","Chicago Bulls",108,95,13,203,10,6,16
"1137",2019-11-03,"Miami Heat","Houston Rockets",129,100,29,229,5,4,9
"1138",2019-11-03,"New York Knicks","Sacramento Kings",92,113,-21,205,9,10,19
"1139",2019-11-03,"San Antonio Spurs","Los Angeles Lakers",96,103,-7,199,8,7,15
"1140",2019-11-03,"Cleveland Cavaliers","Dallas Mavericks",111,131,-20,242,12,11,23
"1141",2019-11-03,"Los Angeles Clippers","Utah Jazz",105,94,11,199,18,6,24
"1142",2019-11-02,"Oklahoma City Thunder","New Orleans Pelicans",115,104,11,219,8,17,25
"1143",2019-11-02,"Detroit Pistons","Brooklyn Nets",113,109,4,222,5,10,15
"1144",2019-11-02,"Orlando Magic","Denver Nuggets",87,91,-4,178,10,7,17
"1145",2019-11-02,"Washington Wizards","Minnesota Timberwolves",109,131,-22,240,8,3,11
"1146",2019-11-02,"Memphis Grizzlies","Phoenix Suns",105,114,-9,219,13,4,17
"1147",2019-11-02,"Milwaukee Bucks","Toronto Raptors",115,105,10,220,10,7,17
"1148",2019-11-02,"Golden State Warriors","Charlotte Hornets",87,93,-6,180,5,16,21
"1149",2019-11-02,"Portland Trail Blazers","Philadelphia 76ers",128,129,-1,257,4,13,17
"1150",2019-11-01,"Brooklyn Nets","Houston Rockets",123,116,7,239,10,9,19
"1151",2019-11-01,"Indiana Pacers","Cleveland Cavaliers",102,95,7,197,13,3,16
"1152",2019-11-01,"Orlando Magic","Milwaukee Bucks",91,123,-32,214,10,11,21
"1153",2019-11-01,"Boston Celtics","New York Knicks",104,102,2,206,3,16,19
"1154",2019-11-01,"Chicago Bulls","Detroit Pistons",112,106,6,218,11,10,21
"1155",2019-11-01,"Dallas Mavericks","Los Angeles Lakers",110,119,-9,229,18,6,24
"1156",2019-11-01,"Sacramento Kings","Utah Jazz",102,101,1,203,11,6,17
"1157",2019-11-01,"Golden State Warriors","San Antonio Spurs",110,127,-17,237,7,16,23
"1158",2019-10-31,"Atlanta Hawks","Miami Heat",97,106,-9,203,16,9,25
"1159",2019-10-31,"New Orleans Pelicans","Denver Nuggets",122,107,15,229,2,5,7
"1160",2019-10-31,"Los Angeles Clippers","San Antonio Spurs",103,97,6,200,11,9,20
"1161",2019-10-30,"Cleveland Cavaliers","Chicago Bulls",117,111,6,228,10,9,19
"1162",2019-10-30,"Orlando Magic","New York Knicks",95,83,12,178,14,10,24
"1163",2019-10-30,"Philadelphia 76ers","Minnesota Timberwolves",117,95,22,212,16,6,22
"1164",2019-10-30,"Boston Celtics","Milwaukee Bucks",116,105,11,221,5,5,10
"1165",2019-10-30,"Brooklyn Nets","Indiana Pacers",108,118,-10,226,18,11,29
"1166",2019-10-30,"Toronto Raptors","Detroit Pistons",125,113,12,238,3,11,14
"1167",2019-10-30,"Washington Wizards","Houston Rockets",158,159,-1,317,11,19,30
"1168",2019-10-30,"Oklahoma City Thunder","Portland Trail Blazers",99,102,-3,201,13,9,22
"1169",2019-10-30,"Utah Jazz","Los Angeles Clippers",110,96,14,206,3,6,9
"1170",2019-10-30,"Sacramento Kings","Charlotte Hornets",111,118,-7,229,10,10,20
"1171",2019-10-30,"Golden State Warriors","Phoenix Suns",110,121,-11,231,7,13,20
"1172",2019-10-29,"Miami Heat","Atlanta Hawks",112,97,15,209,13,9,22
"1173",2019-10-29,"Denver Nuggets","Dallas Mavericks",106,109,-3,215,14,10,24
"1174",2019-10-29,"Los Angeles Lakers","Memphis Grizzlies",120,91,29,211,10,13,23
"1175",2019-10-28,"Detroit Pistons","Indiana Pacers",96,94,2,190,9,13,22
"1176",2019-10-28,"New York Knicks","Chicago Bulls",105,98,7,203,25,8,33
"1177",2019-10-28,"Atlanta Hawks","Philadelphia 76ers",103,105,-2,208,8,12,20
"1178",2019-10-28,"Toronto Raptors","Orlando Magic",104,95,9,199,6,8,14
"1179",2019-10-28,"Houston Rockets","Oklahoma City Thunder",116,112,4,228,9,16,25
"1180",2019-10-28,"Milwaukee Bucks","Cleveland Cavaliers",129,112,17,241,8,10,18
"1181",2019-10-28,"New Orleans Pelicans","Golden State Warriors",123,134,-11,257,11,19,30
"1182",2019-10-28,"San Antonio Spurs","Portland Trail Blazers",113,110,3,223,7,9,16
"1183",2019-10-28,"Phoenix Suns","Utah Jazz",95,96,-1,191,3,6,9
"1184",2019-10-28,"Sacramento Kings","Denver Nuggets",94,101,-7,195,15,19,34
"1185",2019-10-28,"Los Angeles Clippers","Charlotte Hornets",111,96,15,207,9,9,18
"1186",2019-10-27,"Oklahoma City Thunder","Golden State Warriors",120,92,28,212,8,12,20
"1187",2019-10-27,"Memphis Grizzlies","Brooklyn Nets",134,133,1,267,8,11,19
"1188",2019-10-27,"Dallas Mavericks","Portland Trail Blazers",119,121,-2,240,12,7,19
"1189",2019-10-27,"Minnesota Timberwolves","Miami Heat",116,109,7,225,14,7,21
"1190",2019-10-27,"Los Angeles Lakers","Charlotte Hornets",120,101,19,221,10,13,23
"1191",2019-10-26,"Milwaukee Bucks","Miami Heat",126,131,-5,257,5,8,13
"1192",2019-10-26,"Detroit Pistons","Philadelphia 76ers",111,117,-6,228,5,6,11
"1193",2019-10-26,"Atlanta Hawks","Orlando Magic",103,99,4,202,9,17,26
"1194",2019-10-26,"New York Knicks","Boston Celtics",95,118,-23,213,16,13,29
"1195",2019-10-26,"Cleveland Cavaliers","Indiana Pacers",110,99,11,209,12,6,18
"1196",2019-10-26,"Chicago Bulls","Toronto Raptors",84,108,-24,192,12,10,22
"1197",2019-10-26,"Houston Rockets","New Orleans Pelicans",126,123,3,249,9,9,18
"1198",2019-10-26,"San Antonio Spurs","Washington Wizards",124,122,2,246,21,8,29
"1199",2019-10-26,"Utah Jazz","Sacramento Kings",113,81,32,194,2,6,8
"1200",2019-10-26,"Phoenix Suns","Los Angeles Clippers",130,122,8,252,9,10,19
"1201",2019-10-25,"Boston Celtics","Toronto Raptors",112,106,6,218,21,5,26
"1202",2019-10-25,"Charlotte Hornets","Minnesota Timberwolves",99,121,-22,220,9,13,22
"1203",2019-10-25,"Brooklyn Nets","New York Knicks",113,109,4,222,11,9,20
"1204",2019-10-25,"Memphis Grizzlies","Chicago Bulls",102,110,-8,212,15,9,24
"1205",2019-10-25,"New Orleans Pelicans","Dallas Mavericks",116,123,-7,239,12,12,24
"1206",2019-10-25,"Oklahoma City Thunder","Washington Wizards",85,97,-12,182,7,8,15
"1207",2019-10-25,"Denver Nuggets","Phoenix Suns",108,107,1,215,8,10,18
"1208",2019-10-25,"Sacramento Kings","Portland Trail Blazers",112,122,-10,234,13,5,18
"1209",2019-10-25,"Los Angeles Lakers","Utah Jazz",95,86,9,181,11,3,14
"1210",2019-10-24,"Detroit Pistons","Atlanta Hawks",100,117,-17,217,9,8,17
"1211",2019-10-24,"Houston Rockets","Milwaukee Bucks",111,117,-6,228,10,6,16
"1212",2019-10-24,"Golden State Warriors","Los Angeles Clippers",122,141,-19,263,15,3,18
"1213",2019-10-23,"Charlotte Hornets","Chicago Bulls",126,125,1,251,9,20,29
"1214",2019-10-23,"Indiana Pacers","Detroit Pistons",110,119,-9,229,10,10,20
"1215",2019-10-23,"Orlando Magic","Cleveland Cavaliers",94,85,9,179,7,10,17
"1216",2019-10-23,"Brooklyn Nets","Minnesota Timberwolves",126,127,-1,253,10,12,22
"1217",2019-10-23,"Miami Heat","Memphis Grizzlies",120,101,19,221,11,9,20
"1218",2019-10-23,"Philadelphia 76ers","Boston Celtics",107,93,14,200,12,10,22
"1219",2019-10-23,"Dallas Mavericks","Washington Wizards",108,100,8,208,5,11,16
"1220",2019-10-23,"San Antonio Spurs","New York Knicks",120,111,9,231,10,5,15
"1221",2019-10-23,"Utah Jazz","Oklahoma City Thunder",100,95,5,195,11,7,18
"1222",2019-10-23,"Phoenix Suns","Sacramento Kings",124,95,29,219,9,12,21
"1223",2019-10-23,"Portland Trail Blazers","Denver Nuggets",100,108,-8,208,13,11,24
"1224",2019-10-22,"Toronto Raptors","New Orleans Pelicans",130,122,8,252,16,16,32
"1225",2019-10-22,"Los Angeles Clippers","Los Angeles Lakers",112,102,10,214,11,9,20
"1226",2019-10-18,"Philadelphia 76ers","Washington Wizards",93,112,-19,205,14,4,18
"1227",2019-10-18,"Brooklyn Nets","Toronto Raptors",107,123,-16,230,14,9,23
"1228",2019-10-18,"Miami Heat","Houston Rockets",133,144,-11,277,14,14,28
"1229",2019-10-18,"New York Knicks","New Orleans Pelicans",116,117,-1,233,12,12,24
"1230",2019-10-18,"San Antonio Spurs","Memphis Grizzlies",104,91,13,195,13,13,26
"1231",2019-10-18,"Golden State Warriors","Los Angeles Lakers",124,103,21,227,19,6,25
"1232",2019-10-17,"Orlando Magic","Miami Heat",98,107,-9,205,11,6,17
"1233",2019-10-17,"Chicago Bulls","Atlanta Hawks",111,93,18,204,13,10,23
"1234",2019-10-17,"Milwaukee Bucks","Minnesota Timberwolves",118,96,22,214,9,13,22
"1235",2019-10-17,"Denver Nuggets","Portland Trail Blazers",110,104,6,214,9,8,17
"1236",2019-10-17,"Los Angeles Clippers","Dallas Mavericks",87,102,-15,189,7,9,16
"1237",2019-10-16,"Charlotte Hornets","Detroit Pistons",110,116,-6,226,6,15,21
"1238",2019-10-16,"New York Knicks","Atlanta Hawks",96,100,-4,196,6,16,22
"1239",2019-10-16,"Houston Rockets","San Antonio Spurs",114,128,-14,242,10,7,17
"1240",2019-10-16,"Oklahoma City Thunder","Memphis Grizzlies",119,124,-5,243,6,7,13
"1241",2019-10-16,"Utah Jazz","Portland Trail Blazers",118,126,-8,244,12,3,15
"1242",2019-10-16,"Los Angeles Lakers","Golden State Warriors",126,93,33,219,10,9,19
"1243",2019-10-15,"Cleveland Cavaliers","Boston Celtics",95,118,-23,213,5,6,11
"1244",2019-10-15,"Indiana Pacers","Minnesota Timberwolves",111,119,-8,230,9,19,28
"1245",2019-10-15,"Philadelphia 76ers","Detroit Pistons",106,86,20,192,16,9,25
"1246",2019-10-14,"Miami Heat","Atlanta Hawks",120,87,33,207,12,5,17
"1247",2019-10-14,"Memphis Grizzlies","Charlotte Hornets",99,120,-21,219,11,10,21
"1248",2019-10-14,"Dallas Mavericks","Oklahoma City Thunder",107,70,37,177,13,6,19
"1249",2019-10-14,"Utah Jazz","Sacramento Kings",115,128,-13,243,9,11,20
"1250",2019-10-14,"Phoenix Suns","Denver Nuggets",102,107,-5,209,11,10,21
"1251",2019-10-14,"Los Angeles Lakers","Golden State Warriors",104,98,6,202,13,16,29
"1252",2019-10-13,"Boston Celtics","Cleveland Cavaliers",118,72,46,190,14,10,24
"1253",2019-10-13,"San Antonio Spurs","New Orleans Pelicans",114,123,-9,237,3,7,10
"1254",2019-10-13,"Orlando Magic","Philadelphia 76ers",94,126,-32,220,14,15,29
"1255",2019-10-13,"Toronto Raptors","Chicago Bulls",91,105,-14,196,6,14,20
"1256",2019-10-13,"Washington Wizards","Milwaukee Bucks",108,115,-7,223,11,5,16
"1257",2019-10-12,"Brooklyn Nets","Los Angeles Lakers",91,77,14,168,6,14,20
"1258",2019-10-12,"Portland Trail Blazers","Phoenix Suns",118,134,-16,252,9,7,16
"1259",2019-10-11,"Detroit Pistons","Cleveland Cavaliers",109,105,4,214,7,8,15
"1260",2019-10-11,"Indiana Pacers","Chicago Bulls",105,87,18,192,7,12,19
"1261",2019-10-11,"Orlando Magic","Boston Celtics",75,100,-25,175,12,14,26
"1262",2019-10-11,"Charlotte Hornets","Philadelphia 76ers",87,100,-13,187,9,10,19
"1263",2019-10-11,"New York Knicks","Washington Wizards",99,115,-16,214,12,7,19
"1264",2019-10-11,"New Orleans Pelicans","Utah Jazz",128,127,1,255,9,5,14
"1265",2019-10-11,"Dallas Mavericks","Milwaukee Bucks",111,118,-7,229,11,4,15
"1266",2019-10-10,"Houston Rockets","Toronto Raptors",118,111,7,229,12,11,23
"1267",2019-10-10,"Los Angeles Lakers","Brooklyn Nets",111,114,-3,225,13,8,21
"1268",2019-10-10,"Sacramento Kings","Phoenix Suns",105,88,17,193,13,5,18
"1269",2019-10-10,"Golden State Warriors","Minnesota Timberwolves",143,123,20,266,10,17,27
"1270",2019-10-10,"Los Angeles Clippers","Denver Nuggets",91,111,-20,202,4,9,13
"1271",2019-10-09,"Detroit Pistons","Dallas Mavericks",124,117,7,241,12,5,17
"1272",2019-10-09,"Atlanta Hawks","Orlando Magic",88,97,-9,185,11,12,23
"1273",2019-10-09,"Charlotte Hornets","Miami Heat",94,108,-14,202,10,6,16
"1274",2019-10-09,"Chicago Bulls","New Orleans Pelicans",125,127,-2,252,15,5,20
"1275",2019-10-09,"Milwaukee Bucks","Utah Jazz",133,99,34,232,3,10,13
"1276",2019-10-08,"Toronto Raptors","Houston Rockets",134,129,5,263,15,12,27
"1277",2019-10-08,"Miami Heat","San Antonio Spurs",107,89,18,196,7,4,11
"1278",2019-10-08,"Oklahoma City Thunder","Dallas Mavericks",119,104,15,223,8,14,22
"1279",2019-10-08,"Phoenix Suns","Minnesota Timberwolves",111,106,5,217,11,10,21
"1280",2019-10-08,"Portland Trail Blazers","Denver Nuggets",94,105,-11,199,15,10,25
"1281",2019-10-07,"Detroit Pistons","Orlando Magic",91,115,-24,206,11,10,21
"1282",2019-10-07,"Washington Wizards","New York Knicks",99,104,-5,203,10,8,18
"1283",2019-10-07,"Atlanta Hawks","New Orleans Pelicans",109,133,-24,242,9,15,24
"1284",2019-10-07,"Chicago Bulls","Milwaukee Bucks",112,122,-10,234,15,11,26
"1285",2019-10-06,"Boston Celtics","Charlotte Hornets",107,106,1,213,10,13,23
"1286",2019-10-05,"Indiana Pacers","Sacramento Kings",130,106,24,236,10,4,14
"1287",2019-10-05,"Golden State Warriors","Los Angeles Lakers",101,123,-22,224,10,16,26
"1288",2019-10-05,"San Antonio Spurs","Orlando Magic",89,125,-36,214,12,12,24
"1289",2019-10-04,"Los Angeles Clippers","Houston Rockets",96,109,-13,205,11,12,23
"1290",2019-10-04,"Sacramento Kings","Indiana Pacers",131,132,-1,263,6,14,20
"1291",2019-06-13,"Golden State Warriors","Toronto Raptors",110,114,-4,224,11,11,22
"1292",2019-06-10,"Toronto Raptors","Golden State Warriors",105,106,-1,211,13,6,19
"1293",2019-06-07,"Golden State Warriors","Toronto Raptors",92,105,-13,197,8,7,15
"1294",2019-06-05,"Golden State Warriors","Toronto Raptors",109,123,-14,232,13,5,18
"1295",2019-06-02,"Toronto Raptors","Golden State Warriors",104,109,-5,213,15,6,21
"1296",2019-05-30,"Toronto Raptors","Golden State Warriors",118,109,9,227,7,9,16
"1297",2019-05-25,"Toronto Raptors","Milwaukee Bucks",100,94,6,194,6,12,18
"1298",2019-05-23,"Milwaukee Bucks","Toronto Raptors",99,105,-6,204,8,10,18
"1299",2019-05-21,"Toronto Raptors","Milwaukee Bucks",120,102,18,222,10,7,17
"1300",2019-05-20,"Portland Trail Blazers","Golden State Warriors",117,119,-2,236,6,15,21
"1301",2019-05-19,"Toronto Raptors","Milwaukee Bucks",118,112,6,230,8,13,21
"1302",2019-05-18,"Portland Trail Blazers","Golden State Warriors",99,110,-11,209,10,7,17
"1303",2019-05-17,"Milwaukee Bucks","Toronto Raptors",125,103,22,228,11,6,17
"1304",2019-05-16,"Golden State Warriors","Portland Trail Blazers",114,111,3,225,12,10,22
"1305",2019-05-15,"Milwaukee Bucks","Toronto Raptors",108,100,8,208,15,8,23
"1306",2019-05-14,"Golden State Warriors","Portland Trail Blazers",116,94,22,210,11,16,27
"1307",2019-05-12,"Denver Nuggets","Portland Trail Blazers",96,100,-4,196,13,12,25
"1308",2019-05-12,"Toronto Raptors","Philadelphia 76ers",92,90,2,182,16,5,21
"1309",2019-05-10,"Houston Rockets","Golden State Warriors",113,118,-5,231,12,10,22
"1310",2019-05-09,"Philadelphia 76ers","Toronto Raptors",112,101,11,213,16,9,25
"1311",2019-05-09,"Portland Trail Blazers","Denver Nuggets",119,108,11,227,11,16,27
"1312",2019-05-08,"Milwaukee Bucks","Boston Celtics",116,91,25,207,12,12,24
"1313",2019-05-08,"Golden State Warriors","Houston Rockets",104,99,5,203,12,8,20
"1314",2019-05-07,"Toronto Raptors","Philadelphia 76ers",125,89,36,214,6,5,11
"1315",2019-05-07,"Denver Nuggets","Portland Trail Blazers",124,98,26,222,10,13,23
"1316",2019-05-06,"Boston Celtics","Milwaukee Bucks",101,113,-12,214,9,11,20
"1317",2019-05-06,"Houston Rockets","Golden State Warriors",112,108,4,220,13,8,21
"1318",2019-05-05,"Philadelphia 76ers","Toronto Raptors",96,101,-5,197,11,8,19
"1319",2019-05-05,"Portland Trail Blazers","Denver Nuggets",112,116,-4,228,12,17,29
"1320",2019-05-04,"Houston Rockets","Golden State Warriors",126,121,5,247,17,7,24
"1321",2019-05-03,"Boston Celtics","Milwaukee Bucks",116,123,-7,239,6,7,13
"1322",2019-05-03,"Portland Trail Blazers","Denver Nuggets",140,137,3,277,24,24,48
"1323",2019-05-02,"Philadelphia 76ers","Toronto Raptors",116,95,21,211,9,8,17
"1324",2019-05-01,"Denver Nuggets","Portland Trail Blazers",90,97,-7,187,23,7,30
"1325",2019-04-30,"Milwaukee Bucks","Boston Celtics",123,102,21,225,10,7,17
"1326",2019-04-30,"Golden State Warriors","Houston Rockets",115,109,6,224,18,10,28
"1327",2019-04-29,"Toronto Raptors","Philadelphia 76ers",89,94,-5,183,9,9,18
"1328",2019-04-29,"Denver Nuggets","Portland Trail Blazers",121,113,8,234,7,9,16
"1329",2019-04-28,"Milwaukee Bucks","Boston Celtics",90,112,-22,202,7,3,10
"1330",2019-04-28,"Golden State Warriors","Houston Rockets",104,100,4,204,8,3,11
"1331",2019-04-27,"Toronto Raptors","Philadelphia 76ers",108,95,13,203,2,13,15
"1332",2019-04-27,"Denver Nuggets","San Antonio Spurs",90,86,4,176,13,8,21
"1333",2019-04-26,"Los Angeles Clippers","Golden State Warriors",110,129,-19,239,16,7,23
"1334",2019-04-25,"San Antonio Spurs","Denver Nuggets",120,103,17,223,10,12,22
"1335",2019-04-24,"Houston Rockets","Utah Jazz",100,93,7,193,9,14,23
"1336",2019-04-24,"Golden State Warriors","Los Angeles Clippers",121,129,-8,250,15,9,24
"1337",2019-04-23,"Toronto Raptors","Orlando Magic",115,96,19,211,8,12,20
"1338",2019-04-23,"Philadelphia 76ers","Brooklyn Nets",122,100,22,222,11,9,20
"1339",2019-04-23,"Denver Nuggets","San Antonio Spurs",108,90,18,198,7,10,17
"1340",2019-04-23,"Portland Trail Blazers","Oklahoma City Thunder",118,115,3,233,13,6,19
"1341",2019-04-22,"Detroit Pistons","Milwaukee Bucks",104,127,-23,231,10,10,20
"1342",2019-04-22,"Utah Jazz","Houston Rockets",107,91,16,198,16,9,25
"1343",2019-04-21,"Indiana Pacers","Boston Celtics",106,110,-4,216,11,7,18
"1344",2019-04-21,"Los Angeles Clippers","Golden State Warriors",105,113,-8,218,4,11,15
"1345",2019-04-21,"Orlando Magic","Toronto Raptors",85,107,-22,192,7,7,14
"1346",2019-04-21,"Oklahoma City Thunder","Portland Trail Blazers",98,111,-13,209,6,8,14
"1347",2019-04-20,"Brooklyn Nets","Philadelphia 76ers",108,112,-4,220,12,12,24
"1348",2019-04-20,"San Antonio Spurs","Denver Nuggets",103,117,-14,220,11,11,22
"1349",2019-04-20,"Detroit Pistons","Milwaukee Bucks",103,119,-16,222,15,13,28
"1350",2019-04-20,"Utah Jazz","Houston Rockets",101,104,-3,205,7,9,16
"1351",2019-04-19,"Orlando Magic","Toronto Raptors",93,98,-5,191,7,8,15
"1352",2019-04-19,"Indiana Pacers","Boston Celtics",96,104,-8,200,8,9,17
"1353",2019-04-19,"Oklahoma City Thunder","Portland Trail Blazers",120,108,12,228,8,12,20
"1354",2019-04-18,"Brooklyn Nets","Philadelphia 76ers",115,131,-16,246,13,15,28
"1355",2019-04-18,"San Antonio Spurs","Denver Nuggets",118,108,10,226,15,10,25
"1356",2019-04-18,"Los Angeles Clippers","Golden State Warriors",105,132,-27,237,16,10,26
"1357",2019-04-17,"Boston Celtics","Indiana Pacers",99,91,8,190,7,4,11
"1358",2019-04-17,"Milwaukee Bucks","Detroit Pistons",120,99,21,219,8,11,19
"1359",2019-04-17,"Houston Rockets","Utah Jazz",118,98,20,216,8,15,23
"1360",2019-04-16,"Toronto Raptors","Orlando Magic",111,82,29,193,6,12,18
"1361",2019-04-16,"Denver Nuggets","San Antonio Spurs",114,105,9,219,7,11,18
"1362",2019-04-16,"Portland Trail Blazers","Oklahoma City Thunder",114,94,20,208,7,13,20
"1363",2019-04-15,"Philadelphia 76ers","Brooklyn Nets",145,123,22,268,15,12,27
"1364",2019-04-15,"Golden State Warriors","Los Angeles Clippers",131,135,-4,266,7,8,15
"1365",2019-04-14,"Boston Celtics","Indiana Pacers",84,74,10,158,7,9,16
"1366",2019-04-14,"Portland Trail Blazers","Oklahoma City Thunder",104,99,5,203,13,18,31
"1367",2019-04-14,"Milwaukee Bucks","Detroit Pistons",121,86,35,207,8,7,15
"1368",2019-04-14,"Houston Rockets","Utah Jazz",122,90,32,212,8,7,15
"1369",2019-04-13,"Philadelphia 76ers","Brooklyn Nets",102,111,-9,213,16,10,26
"1370",2019-04-13,"Toronto Raptors","Orlando Magic",101,104,-3,205,6,10,16
"1371",2019-04-13,"Golden State Warriors","Los Angeles Clippers",121,104,17,225,12,7,19
"1372",2019-04-13,"Denver Nuggets","San Antonio Spurs",96,101,-5,197,13,10,23
"1373",2019-04-10,"Atlanta Hawks","Indiana Pacers",134,135,-1,269,22,13,35
"1374",2019-04-10,"Brooklyn Nets","Miami Heat",113,94,19,207,20,8,28
"1375",2019-04-10,"Charlotte Hornets","Orlando Magic",114,122,-8,236,4,9,13
"1376",2019-04-10,"New York Knicks","Detroit Pistons",89,115,-26,204,4,11,15
"1377",2019-04-10,"Philadelphia 76ers","Chicago Bulls",125,109,16,234,9,9,18
"1378",2019-04-10,"Memphis Grizzlies","Golden State Warriors",132,117,15,249,15,9,24
"1379",2019-04-10,"Milwaukee Bucks","Oklahoma City Thunder",116,127,-11,243,11,9,20
"1380",2019-04-10,"San Antonio Spurs","Dallas Mavericks",105,94,11,199,8,7,15
"1381",2019-04-10,"Denver Nuggets","Minnesota Timberwolves",99,95,4,194,12,7,19
"1382",2019-04-10,"Los Angeles Clippers","Utah Jazz",143,137,6,280,12,17,29
"1383",2019-04-10,"Portland Trail Blazers","Sacramento Kings",136,131,5,267,14,12,26
"1384",2019-04-09,"Cleveland Cavaliers","Charlotte Hornets",97,124,-27,221,14,5,19
"1385",2019-04-09,"Detroit Pistons","Memphis Grizzlies",100,93,7,193,14,7,21
"1386",2019-04-09,"Washington Wizards","Boston Celtics",110,116,-6,226,13,13,26
"1387",2019-04-09,"Miami Heat","Philadelphia 76ers",122,99,23,221,7,11,18
"1388",2019-04-09,"Chicago Bulls","New York Knicks",86,96,-10,182,6,11,17
"1389",2019-04-09,"Minnesota Timberwolves","Toronto Raptors",100,120,-20,220,5,7,12
"1390",2019-04-09,"New Orleans Pelicans","Golden State Warriors",103,112,-9,215,7,11,18
"1391",2019-04-09,"Dallas Mavericks","Phoenix Suns",120,109,11,229,18,5,23
"1392",2019-04-09,"Utah Jazz","Denver Nuggets",118,108,10,226,9,3,12
"1393",2019-04-09,"Oklahoma City Thunder","Houston Rockets",112,111,1,223,18,9,27
"1394",2019-04-09,"Los Angeles Lakers","Portland Trail Blazers",101,104,-3,205,17,11,28
"1395",2019-04-07,"Toronto Raptors","Miami Heat",117,109,8,226,4,12,16
"1396",2019-04-07,"Cleveland Cavaliers","San Antonio Spurs",90,112,-22,202,10,11,21
"1397",2019-04-07,"Minnesota Timberwolves","Oklahoma City Thunder",126,132,-6,258,6,14,20
"1398",2019-04-07,"Detroit Pistons","Charlotte Hornets",91,104,-13,195,18,8,26
"1399",2019-04-07,"Indiana Pacers","Brooklyn Nets",96,108,-12,204,5,17,22
"1400",2019-04-07,"Memphis Grizzlies","Dallas Mavericks",127,129,-2,256,10,11,21
"1401",2019-04-07,"Houston Rockets","Phoenix Suns",149,113,36,262,12,8,20
"1402",2019-04-07,"Milwaukee Bucks","Atlanta Hawks",115,107,8,222,11,9,20
"1403",2019-04-07,"Boston Celtics","Orlando Magic",108,116,-8,224,6,11,17
"1404",2019-04-07,"New York Knicks","Washington Wizards",113,110,3,223,7,21,28
"1405",2019-04-07,"Golden State Warriors","Los Angeles Clippers",131,104,27,235,11,6,17
"1406",2019-04-07,"Portland Trail Blazers","Denver Nuggets",115,108,7,223,17,12,29
"1407",2019-04-07,"Sacramento Kings","New Orleans Pelicans",129,133,-4,262,16,14,30
"1408",2019-04-07,"Los Angeles Lakers","Utah Jazz",113,109,4,222,16,10,26
"1409",2019-04-06,"Milwaukee Bucks","Brooklyn Nets",128,133,-5,261,6,12,18
"1410",2019-04-06,"Chicago Bulls","Philadelphia 76ers",96,116,-20,212,7,10,17
"1411",2019-04-05,"Charlotte Hornets","Toronto Raptors",113,111,2,224,8,5,13
"1412",2019-04-05,"Orlando Magic","Atlanta Hawks",149,113,36,262,9,10,19
"1413",2019-04-05,"Washington Wizards","San Antonio Spurs",112,129,-17,241,9,12,21
"1414",2019-04-05,"Indiana Pacers","Boston Celtics",97,117,-20,214,10,7,17
"1415",2019-04-05,"Houston Rockets","New York Knicks",120,96,24,216,7,5,12
"1416",2019-04-05,"Minnesota Timberwolves","Miami Heat",111,109,2,220,9,9,18
"1417",2019-04-05,"Oklahoma City Thunder","Detroit Pistons",123,110,13,233,21,4,25
"1418",2019-04-05,"Dallas Mavericks","Memphis Grizzlies",112,122,-10,234,11,12,23
"1419",2019-04-05,"Utah Jazz","Sacramento Kings",119,98,21,217,7,12,19
"1420",2019-04-05,"Phoenix Suns","New Orleans Pelicans",133,126,7,259,13,15,28
"1421",2019-04-05,"Denver Nuggets","Portland Trail Blazers",119,110,9,229,12,12,24
"1422",2019-04-05,"Golden State Warriors","Cleveland Cavaliers",120,114,6,234,4,12,16
"1423",2019-04-05,"Los Angeles Clippers","Los Angeles Lakers",117,122,-5,239,7,14,21
"1424",2019-04-04,"Philadelphia 76ers","Milwaukee Bucks",122,128,-6,250,4,8,12
"1425",2019-04-04,"Sacramento Kings","Cleveland Cavaliers",117,104,13,221,8,10,18
"1426",2019-04-04,"Los Angeles Lakers","Golden State Warriors",90,108,-18,198,18,9,27
"1427",2019-04-03,"Detroit Pistons","Indiana Pacers",89,108,-19,197,11,10,21
"1428",2019-04-03,"Orlando Magic","New York Knicks",114,100,14,214,19,8,27
"1429",2019-04-03,"Washington Wizards","Chicago Bulls",114,115,-1,229,9,9,18
"1430",2019-04-03,"Atlanta Hawks","Philadelphia 76ers",130,122,8,252,11,26,37
"1431",2019-04-03,"Brooklyn Nets","Toronto Raptors",105,115,-10,220,9,17,26
"1432",2019-04-03,"Miami Heat","Boston Celtics",102,112,-10,214,16,6,22
"1433",2019-04-03,"New Orleans Pelicans","Charlotte Hornets",109,115,-6,224,7,11,18
"1434",2019-04-03,"Dallas Mavericks","Minnesota Timberwolves",108,110,-2,218,12,5,17
"1435",2019-04-03,"Denver Nuggets","San Antonio Spurs",113,85,28,198,8,11,19
"1436",2019-04-03,"Phoenix Suns","Utah Jazz",97,118,-21,215,9,7,16
"1437",2019-04-03,"Portland Trail Blazers","Memphis Grizzlies",116,89,27,205,14,4,18
"1438",2019-04-03,"Los Angeles Clippers","Houston Rockets",103,135,-32,238,9,12,21
"1439",2019-04-02,"Oklahoma City Thunder","Los Angeles Lakers",119,103,16,222,17,4,21
"1440",2019-04-02,"San Antonio Spurs","Atlanta Hawks",117,111,6,228,4,11,15
"1441",2019-04-02,"Sacramento Kings","Houston Rockets",105,130,-25,235,16,8,24
"1442",2019-04-02,"Golden State Warriors","Denver Nuggets",116,102,14,218,13,12,25
"1443",2019-04-01,"Indiana Pacers","Detroit Pistons",111,102,9,213,7,16,23
"1444",2019-04-01,"Boston Celtics","Miami Heat",110,105,5,215,14,9,23
"1445",2019-04-01,"Brooklyn Nets","Milwaukee Bucks",121,131,-10,252,16,6,22
"1446",2019-04-01,"New York Knicks","Chicago Bulls",113,105,8,218,6,12,18
"1447",2019-04-01,"Toronto Raptors","Orlando Magic",121,109,12,230,6,11,17
"1448",2019-04-01,"Minnesota Timberwolves","Portland Trail Blazers",122,132,-10,254,10,15,25
"1449",2019-04-01,"Dallas Mavericks","Philadelphia 76ers",122,102,20,224,10,12,22
"1450",2019-04-01,"Utah Jazz","Charlotte Hornets",111,102,9,213,5,10,15
"1451",2019-04-01,"Phoenix Suns","Cleveland Cavaliers",122,113,9,235,5,18,23
"1452",2019-03-31,"Atlanta Hawks","Milwaukee Bucks",136,135,1,271,15,22,37
"1453",2019-03-31,"Oklahoma City Thunder","Dallas Mavericks",103,106,-3,209,15,10,25
"1454",2019-03-31,"New Orleans Pelicans","Los Angeles Lakers",102,130,-28,232,5,11,16
"1455",2019-03-31,"San Antonio Spurs","Sacramento Kings",106,113,-7,219,15,7,22
"1456",2019-03-31,"Denver Nuggets","Washington Wizards",90,95,-5,185,12,9,21
"1457",2019-03-31,"Golden State Warriors","Charlotte Hornets",137,90,47,227,10,7,17
"1458",2019-03-31,"Los Angeles Clippers","Memphis Grizzlies",113,96,17,209,5,6,11
"1459",2019-03-30,"Los Angeles Clippers","Cleveland Cavaliers",132,108,24,240,9,14,23
"1460",2019-03-30,"Brooklyn Nets","Boston Celtics",110,96,14,206,5,7,12
"1461",2019-03-30,"Houston Rockets","Sacramento Kings",119,108,11,227,6,16,22
"1462",2019-03-30,"Detroit Pistons","Portland Trail Blazers",99,90,9,189,7,18,25
"1463",2019-03-30,"Indiana Pacers","Orlando Magic",116,121,-5,237,11,9,20
"1464",2019-03-30,"New York Knicks","Miami Heat",92,100,-8,192,8,14,22
"1465",2019-03-30,"Chicago Bulls","Toronto Raptors",101,124,-23,225,17,6,23
"1466",2019-03-30,"Minnesota Timberwolves","Philadelphia 76ers",109,118,-9,227,4,15,19
"1467",2019-03-30,"Phoenix Suns","Memphis Grizzlies",115,120,-5,235,7,15,22
"1468",2019-03-29,"Boston Celtics","Indiana Pacers",114,112,2,226,7,14,21
"1469",2019-03-29,"Atlanta Hawks","Portland Trail Blazers",98,118,-20,216,8,10,18
"1470",2019-03-29,"Minnesota Timberwolves","Golden State Warriors",131,130,1,261,15,8,23
"1471",2019-03-29,"Oklahoma City Thunder","Denver Nuggets",105,115,-10,220,11,7,18
"1472",2019-03-29,"Utah Jazz","Washington Wizards",128,124,4,252,8,12,20
"1473",2019-03-29,"Los Angeles Lakers","Charlotte Hornets",129,115,14,244,11,8,19
"1474",2019-03-28,"Detroit Pistons","Orlando Magic",115,98,17,213,10,15,25
"1475",2019-03-28,"Philadelphia 76ers","Brooklyn Nets",123,110,13,233,9,11,20
"1476",2019-03-28,"Miami Heat","Dallas Mavericks",105,99,6,204,10,10,20
"1477",2019-03-28,"New York Knicks","Toronto Raptors",92,117,-25,209,14,6,20
"1478",2019-03-28,"Houston Rockets","Denver Nuggets",112,85,27,197,11,7,18
"1479",2019-03-28,"Milwaukee Bucks","Los Angeles Clippers",128,118,10,246,3,8,11
"1480",2019-03-28,"New Orleans Pelicans","Sacramento Kings",121,118,3,239,8,8,16
"1481",2019-03-28,"San Antonio Spurs","Cleveland Cavaliers",116,110,6,226,4,14,18
"1482",2019-03-27,"Chicago Bulls","Portland Trail Blazers",98,118,-20,216,16,9,25
"1483",2019-03-27,"Memphis Grizzlies","Golden State Warriors",103,118,-15,221,19,6,25
"1484",2019-03-27,"Oklahoma City Thunder","Indiana Pacers",107,99,8,206,9,8,17
"1485",2019-03-27,"Phoenix Suns","Washington Wizards",121,124,-3,245,11,15,26
"1486",2019-03-27,"Utah Jazz","Los Angeles Lakers",115,100,15,215,8,8,16
"1487",2019-03-26,"Charlotte Hornets","San Antonio Spurs",125,116,9,241,5,17,22
"1488",2019-03-26,"Cleveland Cavaliers","Boston Celtics",106,116,-10,222,3,11,14
"1489",2019-03-26,"Miami Heat","Orlando Magic",99,104,-5,203,6,15,21
"1490",2019-03-26,"Toronto Raptors","Chicago Bulls",112,103,9,215,2,7,9
"1491",2019-03-26,"Milwaukee Bucks","Houston Rockets",108,94,14,202,10,8,18
"1492",2019-03-26,"Minnesota Timberwolves","Los Angeles Clippers",111,122,-11,233,10,3,13
"1493",2019-03-26,"New Orleans Pelicans","Atlanta Hawks",120,130,-10,250,8,9,17
"1494",2019-03-26,"Dallas Mavericks","Sacramento Kings",121,125,-4,246,7,12,19
"1495",2019-03-26,"Denver Nuggets","Detroit Pistons",95,92,3,187,11,17,28
"1496",2019-03-26,"Los Angeles Lakers","Washington Wizards",124,106,18,230,13,11,24
"1497",2019-03-25,"Orlando Magic","Philadelphia 76ers",119,98,21,217,13,6,19
"1498",2019-03-25,"Memphis Grizzlies","Oklahoma City Thunder",115,103,12,218,13,12,25
"1499",2019-03-25,"Utah Jazz","Phoenix Suns",125,92,33,217,10,9,19
"1500",2019-03-25,"Portland Trail Blazers","Brooklyn Nets",148,144,4,292,16,15,31
"1501",2019-03-24,"New York Knicks","Los Angeles Clippers",113,124,-11,237,13,12,25
"1502",2019-03-24,"Milwaukee Bucks","Cleveland Cavaliers",127,105,22,232,4,12,16
"1503",2019-03-24,"Indiana Pacers","Denver Nuggets",124,88,36,212,10,15,25
"1504",2019-03-24,"Toronto Raptors","Charlotte Hornets",114,115,-1,229,3,14,17
"1505",2019-03-24,"New Orleans Pelicans","Houston Rockets",90,113,-23,203,15,13,28
"1506",2019-03-24,"Boston Celtics","San Antonio Spurs",96,115,-19,211,11,11,22
"1507",2019-03-24,"Golden State Warriors","Detroit Pistons",121,114,7,235,7,10,17
"1508",2019-03-24,"Los Angeles Lakers","Sacramento Kings",111,106,5,217,9,16,25
"1509",2019-03-23,"Charlotte Hornets","Boston Celtics",124,117,7,241,14,7,21
"1510",2019-03-23,"Washington Wizards","Miami Heat",108,113,-5,221,21,12,33
"1511",2019-03-23,"Atlanta Hawks","Philadelphia 76ers",129,127,2,256,15,14,29
"1512",2019-03-23,"Chicago Bulls","Utah Jazz",83,114,-31,197,11,12,23
"1513",2019-03-23,"Memphis Grizzlies","Minnesota Timberwolves",99,112,-13,211,20,13,33
"1514",2019-03-23,"Golden State Warriors","Dallas Mavericks",91,126,-35,217,8,8,16
"1515",2019-03-23,"Portland Trail Blazers","Detroit Pistons",117,112,5,229,11,6,17
"1516",2019-03-23,"Sacramento Kings","Phoenix Suns",112,103,9,215,13,10,23
"1517",2019-03-22,"Orlando Magic","Memphis Grizzlies",123,119,4,242,4,10,14
"1518",2019-03-22,"Cleveland Cavaliers","Los Angeles Clippers",108,110,-2,218,8,7,15
"1519",2019-03-22,"New York Knicks","Denver Nuggets",93,111,-18,204,8,17,25
"1520",2019-03-22,"Toronto Raptors","Oklahoma City Thunder",109,116,-7,225,11,12,23
"1521",2019-03-22,"Houston Rockets","San Antonio Spurs",111,105,6,216,8,9,17
"1522",2019-03-22,"Milwaukee Bucks","Miami Heat",116,87,29,203,9,10,19
"1523",2019-03-22,"Los Angeles Lakers","Brooklyn Nets",106,111,-5,217,19,11,30
"1524",2019-03-21,"Charlotte Hornets","Minnesota Timberwolves",113,106,7,219,15,9,24
"1525",2019-03-21,"Washington Wizards","Denver Nuggets",108,113,-5,221,6,9,15
"1526",2019-03-21,"Atlanta Hawks","Utah Jazz",117,114,3,231,9,14,23
"1527",2019-03-21,"Phoenix Suns","Detroit Pistons",98,118,-20,216,7,19,26
"1528",2019-03-21,"Sacramento Kings","Dallas Mavericks",116,100,16,216,12,9,21
"1529",2019-03-21,"Golden State Warriors","Indiana Pacers",112,89,23,201,10,12,22
"1530",2019-03-20,"Cleveland Cavaliers","Milwaukee Bucks",107,102,5,209,13,11,24
"1531",2019-03-20,"Orlando Magic","New Orleans Pelicans",119,96,23,215,20,14,34
"1532",2019-03-20,"Philadelphia 76ers","Boston Celtics",118,115,3,233,17,10,27
"1533",2019-03-20,"New York Knicks","Utah Jazz",116,137,-21,253,8,7,15
"1534",2019-03-20,"Chicago Bulls","Washington Wizards",126,120,6,246,15,12,27
"1535",2019-03-20,"Memphis Grizzlies","Houston Rockets",126,125,1,251,15,11,26
"1536",2019-03-20,"San Antonio Spurs","Miami Heat",105,110,-5,215,10,6,16
"1537",2019-03-20,"Oklahoma City Thunder","Toronto Raptors",114,123,-9,237,16,6,22
"1538",2019-03-20,"Portland Trail Blazers","Dallas Mavericks",126,118,8,244,12,6,18
"1539",2019-03-19,"Charlotte Hornets","Philadelphia 76ers",114,118,-4,232,10,6,16
"1540",2019-03-19,"Atlanta Hawks","Houston Rockets",105,121,-16,226,8,6,14
"1541",2019-03-19,"Milwaukee Bucks","Los Angeles Lakers",115,101,14,216,12,8,20
"1542",2019-03-19,"Minnesota Timberwolves","Golden State Warriors",107,117,-10,224,13,8,21
"1543",2019-03-19,"Sacramento Kings","Brooklyn Nets",121,123,-2,244,14,11,25
"1544",2019-03-19,"Los Angeles Clippers","Indiana Pacers",115,109,6,224,10,11,21
"1545",2019-03-18,"Cleveland Cavaliers","Detroit Pistons",126,119,7,245,5,19,24
"1546",2019-03-18,"Washington Wizards","Utah Jazz",95,116,-21,211,5,7,12
"1547",2019-03-18,"Boston Celtics","Denver Nuggets",105,114,-9,219,12,11,23
"1548",2019-03-18,"Toronto Raptors","New York Knicks",128,92,36,220,5,7,12
"1549",2019-03-18,"Oklahoma City Thunder","Miami Heat",107,116,-9,223,13,9,22
"1550",2019-03-18,"San Antonio Spurs","Golden State Warriors",111,105,6,216,10,7,17
"1551",2019-03-18,"Dallas Mavericks","New Orleans Pelicans",125,129,-4,254,14,14,28
"1552",2019-03-18,"Phoenix Suns","Chicago Bulls",101,116,-15,217,9,11,20
"1553",2019-03-18,"Portland Trail Blazers","Indiana Pacers",106,98,8,204,8,12,20
"1554",2019-03-17,"New York Knicks","Los Angeles Lakers",124,123,1,247,10,15,25
"1555",2019-03-17,"Miami Heat","Charlotte Hornets",93,75,18,168,15,11,26
"1556",2019-03-17,"Milwaukee Bucks","Philadelphia 76ers",125,130,-5,255,10,15,25
"1557",2019-03-17,"Detroit Pistons","Toronto Raptors",110,107,3,217,11,7,18
"1558",2019-03-17,"Orlando Magic","Atlanta Hawks",101,91,10,192,10,8,18
"1559",2019-03-17,"Sacramento Kings","Chicago Bulls",129,102,27,231,15,10,25
"1560",2019-03-17,"Houston Rockets","Minnesota Timberwolves",117,102,15,219,10,15,25
"1561",2019-03-17,"Los Angeles Clippers","Brooklyn Nets",119,116,3,235,16,15,31
"1562",2019-03-16,"Boston Celtics","Atlanta Hawks",129,120,9,249,11,19,30
"1563",2019-03-16,"Washington Wizards","Memphis Grizzlies",135,128,7,263,9,7,16
"1564",2019-03-16,"New Orleans Pelicans","Phoenix Suns",136,138,-2,274,18,11,29
"1565",2019-03-16,"Dallas Mavericks","Cleveland Cavaliers",121,116,5,237,9,6,15
"1566",2019-03-16,"Oklahoma City Thunder","Golden State Warriors",88,110,-22,198,17,8,25
"1567",2019-03-16,"San Antonio Spurs","Portland Trail Blazers",108,103,5,211,4,14,18
"1568",2019-03-16,"Denver Nuggets","Indiana Pacers",102,100,2,202,9,8,17
"1569",2019-03-16,"Utah Jazz","Brooklyn Nets",114,98,16,212,15,8,23
"1570",2019-03-15,"Detroit Pistons","Los Angeles Lakers",111,97,14,208,16,11,27
"1571",2019-03-15,"Philadelphia 76ers","Sacramento Kings",123,114,9,237,10,10,20
"1572",2019-03-15,"Washington Wizards","Charlotte Hornets",110,116,-6,226,8,15,23
"1573",2019-03-15,"Miami Heat","Milwaukee Bucks",98,113,-15,211,10,8,18
"1574",2019-03-15,"Houston Rockets","Phoenix Suns",108,102,6,210,7,15,22
"1575",2019-03-15,"New Orleans Pelicans","Portland Trail Blazers",110,122,-12,232,14,17,31
"1576",2019-03-15,"San Antonio Spurs","New York Knicks",109,83,26,192,6,9,15
"1577",2019-03-15,"Los Angeles Clippers","Chicago Bulls",128,121,7,249,15,8,23
"1578",2019-03-14,"Indiana Pacers","Oklahoma City Thunder",108,106,2,214,6,8,14
"1579",2019-03-14,"Orlando Magic","Cleveland Cavaliers",120,91,29,211,12,8,20
"1580",2019-03-14,"Boston Celtics","Sacramento Kings",126,120,6,246,10,8,18
"1581",2019-03-14,"Toronto Raptors","Los Angeles Lakers",111,98,13,209,13,6,19
"1582",2019-03-14,"Utah Jazz","Minnesota Timberwolves",120,100,20,220,13,8,21
"1583",2019-03-14,"Denver Nuggets","Dallas Mavericks",100,99,1,199,8,9,17
"1584",2019-03-13,"Washington Wizards","Orlando Magic",100,90,10,190,10,12,22
"1585",2019-03-13,"Oklahoma City Thunder","Brooklyn Nets",108,96,12,204,16,7,23
"1586",2019-03-13,"Miami Heat","Detroit Pistons",108,74,34,182,13,10,23
"1587",2019-03-13,"Atlanta Hawks","Memphis Grizzlies",132,111,21,243,15,9,24
"1588",2019-03-13,"Houston Rockets","Golden State Warriors",104,106,-2,210,5,12,17
"1589",2019-03-13,"Phoenix Suns","Utah Jazz",97,114,-17,211,5,12,17
"1590",2019-03-12,"Indiana Pacers","New York Knicks",103,98,5,201,8,8,16
"1591",2019-03-12,"Philadelphia 76ers","Cleveland Cavaliers",106,99,7,205,12,9,21
"1592",2019-03-12,"Chicago Bulls","Los Angeles Lakers",107,123,-16,230,11,5,16
"1593",2019-03-12,"New Orleans Pelicans","Milwaukee Bucks",113,130,-17,243,13,5,18
"1594",2019-03-12,"Dallas Mavericks","San Antonio Spurs",105,112,-7,217,9,7,16
"1595",2019-03-12,"Denver Nuggets","Minnesota Timberwolves",133,107,26,240,7,12,19
"1596",2019-03-12,"Los Angeles Clippers","Portland Trail Blazers",104,125,-21,229,25,18,43
"1597",2019-03-11,"Cleveland Cavaliers","Toronto Raptors",126,101,25,227,11,6,17
"1598",2019-03-11,"Washington Wizards","Sacramento Kings",121,115,6,236,7,9,16
"1599",2019-03-11,"Brooklyn Nets","Detroit Pistons",103,75,28,178,5,17,22
"1600",2019-03-11,"Houston Rockets","Charlotte Hornets",118,106,12,224,12,7,19
"1601",2019-03-11,"Utah Jazz","Oklahoma City Thunder",89,98,-9,187,11,6,17
"1602",2019-03-11,"Los Angeles Clippers","Boston Celtics",140,115,25,255,10,7,17
"1603",2019-03-10,"Detroit Pistons","Chicago Bulls",131,108,23,239,10,6,16
"1604",2019-03-10,"Miami Heat","Toronto Raptors",104,125,-21,229,9,6,15
"1605",2019-03-10,"Philadelphia 76ers","Indiana Pacers",106,89,17,195,13,12,25
"1606",2019-03-10,"Atlanta Hawks","New Orleans Pelicans",128,116,12,244,10,5,15
"1607",2019-03-10,"Memphis Grizzlies","Orlando Magic",105,97,8,202,6,15,21
"1608",2019-03-10,"Dallas Mavericks","Houston Rockets",93,94,-1,187,10,13,23
"1609",2019-03-10,"Minnesota Timberwolves","New York Knicks",103,92,11,195,9,10,19
"1610",2019-03-10,"San Antonio Spurs","Milwaukee Bucks",121,114,7,235,8,6,14
"1611",2019-03-10,"Golden State Warriors","Phoenix Suns",111,115,-4,226,15,9,24
"1612",2019-03-09,"New York Knicks","Sacramento Kings",94,102,-8,196,13,11,24
"1613",2019-03-09,"Atlanta Hawks","Brooklyn Nets",112,114,-2,226,18,15,33
"1614",2019-03-09,"Minnesota Timberwolves","Washington Wizards",135,130,5,265,18,10,28
"1615",2019-03-09,"Los Angeles Lakers","Boston Celtics",107,120,-13,227,8,6,14
"1616",2019-03-09,"Milwaukee Bucks","Charlotte Hornets",131,114,17,245,14,6,20
"1617",2019-03-09,"Portland Trail Blazers","Phoenix Suns",127,120,7,247,12,13,25
"1618",2019-03-08,"Charlotte Hornets","Washington Wizards",112,111,1,223,18,13,31
"1619",2019-03-08,"Orlando Magic","Dallas Mavericks",111,106,5,217,11,10,21
"1620",2019-03-08,"Miami Heat","Cleveland Cavaliers",126,110,16,236,14,6,20
"1621",2019-03-08,"Chicago Bulls","Detroit Pistons",104,112,-8,216,8,7,15
"1622",2019-03-08,"Houston Rockets","Philadelphia 76ers",107,91,16,198,7,22,29
"1623",2019-03-08,"Memphis Grizzlies","Utah Jazz",114,104,10,218,8,10,18
"1624",2019-03-08,"New Orleans Pelicans","Toronto Raptors",104,127,-23,231,14,7,21
"1625",2019-03-08,"Golden State Warriors","Denver Nuggets",122,105,17,227,7,14,21
"1626",2019-03-08,"Los Angeles Clippers","Oklahoma City Thunder",118,110,8,228,10,14,24
"1627",2019-03-07,"Milwaukee Bucks","Indiana Pacers",117,98,19,215,8,6,14
"1628",2019-03-07,"Portland Trail Blazers","Oklahoma City Thunder",121,129,-8,250,14,16,30
"1629",2019-03-06,"Charlotte Hornets","Miami Heat",84,91,-7,175,10,17,27
"1630",2019-03-06,"Detroit Pistons","Minnesota Timberwolves",131,114,17,245,11,6,17
"1631",2019-03-06,"Washington Wizards","Dallas Mavericks",132,123,9,255,15,14,29
"1632",2019-03-06,"Atlanta Hawks","San Antonio Spurs",104,111,-7,215,11,6,17
"1633",2019-03-06,"Brooklyn Nets","Cleveland Cavaliers",113,107,6,220,11,11,22
"1634",2019-03-06,"Chicago Bulls","Philadelphia 76ers",108,107,1,215,16,13,29
"1635",2019-03-06,"New Orleans Pelicans","Utah Jazz",104,114,-10,218,7,9,16
"1636",2019-03-06,"Phoenix Suns","New York Knicks",107,96,11,203,4,8,12
"1637",2019-03-06,"Sacramento Kings","Boston Celtics",109,111,-2,220,6,3,9
"1638",2019-03-06,"Los Angeles Lakers","Denver Nuggets",99,115,-16,214,5,18,23
"1639",2019-03-05,"Indiana Pacers","Chicago Bulls",105,96,9,201,11,15,26
"1640",2019-03-05,"Philadelphia 76ers","Orlando Magic",114,106,8,220,10,10,20
"1641",2019-03-05,"Toronto Raptors","Houston Rockets",95,107,-12,202,16,9,25
"1642",2019-03-05,"Memphis Grizzlies","Portland Trail Blazers",120,111,9,231,4,5,9
"1643",2019-03-05,"Minnesota Timberwolves","Oklahoma City Thunder",131,120,11,251,10,15,25
"1644",2019-03-05,"Golden State Warriors","Boston Celtics",95,128,-33,223,9,9,18
"1645",2019-03-04,"Brooklyn Nets","Dallas Mavericks",127,88,39,215,3,5,8
"1646",2019-03-04,"Miami Heat","Atlanta Hawks",114,113,1,227,7,16,23
"1647",2019-03-04,"San Antonio Spurs","Denver Nuggets",104,103,1,207,6,8,14
"1648",2019-03-04,"Phoenix Suns","Milwaukee Bucks",114,105,9,219,17,18,35
"1649",2019-03-04,"Utah Jazz","New Orleans Pelicans",112,115,-3,227,13,12,25
"1650",2019-03-04,"Sacramento Kings","New York Knicks",115,108,7,223,6,10,16
"1651",2019-03-04,"Los Angeles Lakers","Los Angeles Clippers",105,113,-8,218,7,8,15
"1652",2019-03-03,"Charlotte Hornets","Portland Trail Blazers",108,118,-10,226,4,13,17
"1653",2019-03-03,"Boston Celtics","Houston Rockets",104,115,-11,219,8,10,18
"1654",2019-03-03,"Chicago Bulls","Atlanta Hawks",118,123,-5,241,9,11,20
"1655",2019-03-03,"Los Angeles Clippers","New York Knicks",128,107,21,235,9,9,18
"1656",2019-03-03,"Cleveland Cavaliers","Orlando Magic",107,93,14,200,9,8,17
"1657",2019-03-03,"Detroit Pistons","Toronto Raptors",112,107,5,219,8,18,26
"1658",2019-03-03,"Washington Wizards","Minnesota Timberwolves",135,121,14,256,15,12,27
"1659",2019-03-03,"Oklahoma City Thunder","Memphis Grizzlies",99,95,4,194,17,4,21
"1660",2019-03-02,"Cleveland Cavaliers","Detroit Pistons",93,129,-36,222,9,9,18
"1661",2019-03-02,"Indiana Pacers","Orlando Magic",112,117,-5,229,3,11,14
"1662",2019-03-02,"Miami Heat","Brooklyn Nets",117,88,29,205,11,7,18
"1663",2019-03-02,"Philadelphia 76ers","Golden State Warriors",117,120,-3,237,11,4,15
"1664",2019-03-02,"Dallas Mavericks","Memphis Grizzlies",81,111,-30,192,13,4,17
"1665",2019-03-02,"San Antonio Spurs","Oklahoma City Thunder",116,102,14,218,11,11,22
"1666",2019-03-02,"Denver Nuggets","New Orleans Pelicans",112,120,-8,232,10,12,22
"1667",2019-03-02,"Phoenix Suns","Los Angeles Lakers",118,109,9,227,9,10,19
"1668",2019-03-02,"Utah Jazz","Milwaukee Bucks",115,111,4,226,16,17,33
"1669",2019-03-01,"Atlanta Hawks","Chicago Bulls",161,168,-7,329,9,11,20
"1670",2019-03-01,"Brooklyn Nets","Charlotte Hornets",112,123,-11,235,7,10,17
"1671",2019-03-01,"Toronto Raptors","Portland Trail Blazers",119,117,2,236,2,9,11
"1672",2019-03-01,"Boston Celtics","Washington Wizards",107,96,11,203,11,11,22
"1673",2019-03-01,"Phoenix Suns","New Orleans Pelicans",116,130,-14,246,12,10,22
"1674",2019-03-01,"Sacramento Kings","Los Angeles Clippers",109,116,-7,225,8,16,24
"1675",2019-03-01,"Los Angeles Lakers","Milwaukee Bucks",120,131,-11,251,8,11,19
"1676",2019-02-28,"Indiana Pacers","Minnesota Timberwolves",122,115,7,237,8,21,29
"1677",2019-02-28,"Orlando Magic","Golden State Warriors",103,96,7,199,9,9,18
"1678",2019-02-28,"New York Knicks","Cleveland Cavaliers",118,125,-7,243,14,8,22
"1679",2019-02-28,"Houston Rockets","Miami Heat",121,118,3,239,8,8,16
"1680",2019-02-28,"Oklahoma City Thunder","Philadelphia 76ers",104,108,-4,212,8,8,16
"1681",2019-02-28,"Denver Nuggets","Utah Jazz",104,111,-7,215,16,10,26
"1682",2019-02-27,"Charlotte Hornets","Houston Rockets",113,118,-5,231,8,7,15
"1683",2019-02-27,"Atlanta Hawks","Minnesota Timberwolves",131,123,8,254,18,9,27
"1684",2019-02-27,"Brooklyn Nets","Washington Wizards",116,125,-9,241,7,17,24
"1685",2019-02-27,"Miami Heat","Golden State Warriors",126,125,1,251,12,8,20
"1686",2019-02-27,"Boston Celtics","Portland Trail Blazers",92,97,-5,189,8,13,21
"1687",2019-02-27,"Memphis Grizzlies","Chicago Bulls",107,109,-2,216,12,7,19
"1688",2019-02-27,"San Antonio Spurs","Detroit Pistons",105,93,12,198,7,8,15
"1689",2019-02-27,"Dallas Mavericks","Indiana Pacers",110,101,9,211,10,6,16
"1690",2019-02-27,"Utah Jazz","Los Angeles Clippers",111,105,6,216,14,11,25
"1691",2019-02-27,"Sacramento Kings","Milwaukee Bucks",140,141,-1,281,15,11,26
"1692",2019-02-27,"Los Angeles Lakers","New Orleans Pelicans",125,119,6,244,6,14,20
"1693",2019-02-26,"New York Knicks","Orlando Magic",108,103,5,211,14,12,26
"1694",2019-02-26,"Toronto Raptors","Boston Celtics",118,95,23,213,8,10,18
"1695",2019-02-26,"Denver Nuggets","Oklahoma City Thunder",121,112,9,233,11,14,25
"1696",2019-02-25,"Charlotte Hornets","Golden State Warriors",110,121,-11,231,9,13,22
"1697",2019-02-25,"Cleveland Cavaliers","Portland Trail Blazers",110,123,-13,233,13,6,19
"1698",2019-02-25,"Detroit Pistons","Indiana Pacers",113,109,4,222,15,12,27
"1699",2019-02-25,"Brooklyn Nets","San Antonio Spurs",101,85,16,186,6,10,16
"1700",2019-02-25,"Miami Heat","Phoenix Suns",121,124,-3,245,14,7,21
"1701",2019-02-25,"Chicago Bulls","Milwaukee Bucks",106,117,-11,223,6,8,14
"1702",2019-02-25,"Houston Rockets","Atlanta Hawks",119,111,8,230,12,10,22
"1703",2019-02-25,"Memphis Grizzlies","Los Angeles Lakers",110,105,5,215,15,10,25
"1704",2019-02-25,"Minnesota Timberwolves","Sacramento Kings",112,105,7,217,7,14,21
"1705",2019-02-25,"New Orleans Pelicans","Philadelphia 76ers",110,111,-1,221,14,15,29
"1706",2019-02-25,"Los Angeles Clippers","Dallas Mavericks",121,112,9,233,9,7,16
"1707",2019-02-24,"Toronto Raptors","Orlando Magic",98,113,-15,211,6,12,18
"1708",2019-02-24,"Denver Nuggets","Los Angeles Clippers",123,96,27,219,12,7,19
"1709",2019-02-24,"New York Knicks","San Antonio Spurs",130,118,12,248,12,14,26
"1710",2019-02-23,"Philadelphia 76ers","Portland Trail Blazers",115,130,-15,245,7,19,26
"1711",2019-02-23,"Atlanta Hawks","Phoenix Suns",120,112,8,232,12,6,18
"1712",2019-02-23,"Charlotte Hornets","Brooklyn Nets",115,117,-2,232,12,11,23
"1713",2019-02-23,"Cleveland Cavaliers","Memphis Grizzlies",112,107,5,219,14,15,29
"1714",2019-02-23,"Washington Wizards","Indiana Pacers",112,119,-7,231,8,12,20
"1715",2019-02-23,"New Orleans Pelicans","Los Angeles Lakers",128,115,13,243,9,6,15
"1716",2019-02-23,"Miami Heat","Detroit Pistons",96,119,-23,215,9,7,16
"1717",2019-02-23,"Chicago Bulls","Boston Celtics",126,116,10,242,11,6,17
"1718",2019-02-23,"Oklahoma City Thunder","Sacramento Kings",116,119,-3,235,16,7,23
"1719",2019-02-23,"Milwaukee Bucks","Minnesota Timberwolves",140,128,12,268,10,12,22
"1720",2019-02-23,"Golden State Warriors","Houston Rockets",112,118,-6,230,9,12,21
"1721",2019-02-23,"Utah Jazz","Dallas Mavericks",125,109,16,234,8,8,16
"1722",2019-02-22,"Charlotte Hornets","Washington Wizards",123,110,13,233,11,11,22
"1723",2019-02-22,"Indiana Pacers","New Orleans Pelicans",126,111,15,237,13,14,27
"1724",2019-02-22,"Orlando Magic","Chicago Bulls",109,110,-1,219,8,6,14
"1725",2019-02-22,"Toronto Raptors","San Antonio Spurs",120,117,3,237,14,9,23
"1726",2019-02-22,"Atlanta Hawks","Detroit Pistons",122,125,-3,247,10,10,20
"1727",2019-02-22,"New York Knicks","Minnesota Timberwolves",104,115,-11,219,8,7,15
"1728",2019-02-22,"Memphis Grizzlies","Los Angeles Clippers",106,112,-6,218,11,7,18
"1729",2019-02-22,"Dallas Mavericks","Denver Nuggets",104,114,-10,218,7,21,28
"1730",2019-02-22,"Oklahoma City Thunder","Utah Jazz",148,147,1,295,11,15,26
"1731",2019-02-21,"Cleveland Cavaliers","Phoenix Suns",111,98,13,209,10,11,21
"1732",2019-02-21,"Philadelphia 76ers","Miami Heat",106,102,4,208,12,7,19
"1733",2019-02-21,"Brooklyn Nets","Portland Trail Blazers",99,113,-14,212,12,19,31
"1734",2019-02-21,"Milwaukee Bucks","Boston Celtics",98,97,1,195,9,12,21
"1735",2019-02-21,"Golden State Warriors","Sacramento Kings",125,123,2,248,8,14,22
"1736",2019-02-21,"Los Angeles Lakers","Houston Rockets",111,106,5,217,12,4,16
"1737",2019-02-14,"Orlando Magic","Charlotte Hornets",127,89,38,216,8,13,21
"1738",2019-02-14,"Atlanta Hawks","New York Knicks",91,106,-15,197,10,11,21
"1739",2019-02-14,"New Orleans Pelicans","Oklahoma City Thunder",131,122,9,253,13,17,30
"1740",2019-02-13,"Cleveland Cavaliers","Brooklyn Nets",139,148,-9,287,18,16,34
"1741",2019-02-13,"Indiana Pacers","Milwaukee Bucks",97,106,-9,203,4,10,14
"1742",2019-02-13,"Boston Celtics","Detroit Pistons",118,110,8,228,10,10,20
"1743",2019-02-13,"New York Knicks","Philadelphia 76ers",111,126,-15,237,14,6,20
"1744",2019-02-13,"Toronto Raptors","Washington Wizards",129,120,9,249,9,4,13
"1745",2019-02-13,"Chicago Bulls","Memphis Grizzlies",122,110,12,232,9,6,15
"1746",2019-02-13,"Minnesota Timberwolves","Houston Rockets",121,111,10,232,13,13,26
"1747",2019-02-13,"Dallas Mavericks","Miami Heat",101,112,-11,213,10,7,17
"1748",2019-02-13,"Denver Nuggets","Sacramento Kings",120,118,2,238,14,10,24
"1749",2019-02-13,"Portland Trail Blazers","Golden State Warriors",129,107,22,236,14,18,32
"1750",2019-02-13,"Los Angeles Clippers","Phoenix Suns",134,107,27,241,7,8,15
"1751",2019-02-12,"Atlanta Hawks","Los Angeles Lakers",117,113,4,230,6,10,16
"1752",2019-02-12,"Philadelphia 76ers","Boston Celtics",109,112,-3,221,10,8,18
"1753",2019-02-12,"Memphis Grizzlies","San Antonio Spurs",107,108,-1,215,8,10,18
"1754",2019-02-12,"New Orleans Pelicans","Orlando Magic",88,118,-30,206,8,12,20
"1755",2019-02-12,"Golden State Warriors","Utah Jazz",115,108,7,223,5,7,12
"1756",2019-02-11,"Cleveland Cavaliers","New York Knicks",107,104,3,211,17,10,27
"1757",2019-02-11,"Detroit Pistons","Washington Wizards",121,112,9,233,10,7,17
"1758",2019-02-11,"Indiana Pacers","Charlotte Hornets",99,90,9,189,5,21,26
"1759",2019-02-11,"Toronto Raptors","Brooklyn Nets",127,125,2,252,5,5,10
"1760",2019-02-11,"Chicago Bulls","Milwaukee Bucks",99,112,-13,211,9,5,14
"1761",2019-02-11,"Houston Rockets","Dallas Mavericks",120,104,16,224,9,3,12
"1762",2019-02-11,"Minnesota Timberwolves","Los Angeles Clippers",130,120,10,250,16,8,24
"1763",2019-02-11,"Oklahoma City Thunder","Portland Trail Blazers",120,111,9,231,7,10,17
"1764",2019-02-11,"Denver Nuggets","Miami Heat",103,87,16,190,10,7,17
"1765",2019-02-10,"Dallas Mavericks","Portland Trail Blazers",102,101,1,203,11,12,23
"1766",2019-02-10,"Philadelphia 76ers","Los Angeles Lakers",143,120,23,263,7,9,16
"1767",2019-02-10,"Sacramento Kings","Phoenix Suns",117,104,13,221,11,15,26
"1768",2019-02-10,"Atlanta Hawks","Orlando Magic",108,124,-16,232,5,11,16
"1769",2019-02-10,"Golden State Warriors","Miami Heat",120,118,2,238,7,21,28
"1770",2019-02-09,"Utah Jazz","San Antonio Spurs",125,105,20,230,9,5,14
"1771",2019-02-09,"Indiana Pacers","Cleveland Cavaliers",105,90,15,195,6,5,11
"1772",2019-02-09,"Atlanta Hawks","Charlotte Hornets",120,129,-9,249,10,10,20
"1773",2019-02-09,"New York Knicks","Toronto Raptors",99,104,-5,203,15,10,25
"1774",2019-02-09,"Boston Celtics","Los Angeles Clippers",112,123,-11,235,8,6,14
"1775",2019-02-09,"Chicago Bulls","Washington Wizards",125,134,-9,259,14,6,20
"1776",2019-02-09,"Memphis Grizzlies","New Orleans Pelicans",99,90,9,189,10,17,27
"1777",2019-02-09,"Houston Rockets","Oklahoma City Thunder",112,117,-5,229,7,12,19
"1778",2019-02-09,"Milwaukee Bucks","Orlando Magic",83,103,-20,186,12,9,21
"1779",2019-02-08,"Detroit Pistons","New York Knicks",120,103,17,223,11,10,21
"1780",2019-02-08,"Philadelphia 76ers","Denver Nuggets",117,110,7,227,7,8,15
"1781",2019-02-08,"Washington Wizards","Cleveland Cavaliers",119,106,13,225,10,17,27
"1782",2019-02-08,"Brooklyn Nets","Chicago Bulls",106,125,-19,231,6,8,14
"1783",2019-02-08,"Dallas Mavericks","Milwaukee Bucks",107,122,-15,229,9,10,19
"1784",2019-02-08,"Phoenix Suns","Golden State Warriors",107,117,-10,224,19,9,28
"1785",2019-02-08,"New Orleans Pelicans","Minnesota Timberwolves",122,117,5,239,8,10,18
"1786",2019-02-08,"Sacramento Kings","Miami Heat",102,96,6,198,10,11,21
"1787",2019-02-07,"Indiana Pacers","Los Angeles Clippers",116,92,24,208,7,9,16
"1788",2019-02-07,"Orlando Magic","Minnesota Timberwolves",122,112,10,234,10,16,26
"1789",2019-02-07,"Atlanta Hawks","Toronto Raptors",101,119,-18,220,8,12,20
"1790",2019-02-07,"Boston Celtics","Los Angeles Lakers",128,129,-1,257,11,10,21
"1791",2019-02-07,"Oklahoma City Thunder","Memphis Grizzlies",117,95,22,212,11,8,19
"1792",2019-02-07,"Portland Trail Blazers","San Antonio Spurs",127,118,9,245,4,10,14
"1793",2019-02-06,"Brooklyn Nets","Denver Nuggets",135,130,5,265,5,12,17
"1794",2019-02-06,"Chicago Bulls","New Orleans Pelicans",120,125,-5,245,9,14,23
"1795",2019-02-06,"Milwaukee Bucks","Washington Wizards",148,129,19,277,8,8,16
"1796",2019-02-06,"Dallas Mavericks","Charlotte Hornets",99,93,6,192,15,8,23
"1797",2019-02-06,"Utah Jazz","Phoenix Suns",116,88,28,204,12,7,19
"1798",2019-02-06,"Sacramento Kings","Houston Rockets",101,127,-26,228,20,13,33
"1799",2019-02-06,"Golden State Warriors","San Antonio Spurs",141,102,39,243,14,4,18
"1800",2019-02-05,"Charlotte Hornets","Los Angeles Clippers",115,117,-2,232,11,8,19
"1801",2019-02-05,"Cleveland Cavaliers","Boston Celtics",96,103,-7,199,15,8,23
"1802",2019-02-05,"Indiana Pacers","Los Angeles Lakers",136,94,42,230,10,3,13
"1803",2019-02-05,"New York Knicks","Detroit Pistons",92,105,-13,197,13,6,19
"1804",2019-02-05,"Philadelphia 76ers","Toronto Raptors",107,119,-12,226,5,15,20
"1805",2019-02-05,"Memphis Grizzlies","Minnesota Timberwolves",108,106,2,214,12,16,28
"1806",2019-02-05,"Oklahoma City Thunder","Orlando Magic",132,122,10,254,8,8,16
"1807",2019-02-05,"Portland Trail Blazers","Miami Heat",108,118,-10,226,7,8,15
"1808",2019-02-04,"Detroit Pistons","Denver Nuggets",129,103,26,232,16,10,26
"1809",2019-02-04,"Washington Wizards","Atlanta Hawks",129,137,-8,266,13,14,27
"1810",2019-02-04,"Brooklyn Nets","Milwaukee Bucks",94,113,-19,207,16,15,31
"1811",2019-02-04,"New Orleans Pelicans","Indiana Pacers",107,109,-2,216,13,8,21
"1812",2019-02-04,"Phoenix Suns","Houston Rockets",110,118,-8,228,9,12,21
"1813",2019-02-04,"Sacramento Kings","San Antonio Spurs",127,112,15,239,8,15,23
"1814",2019-02-03,"New York Knicks","Memphis Grizzlies",84,96,-12,180,6,10,16
"1815",2019-02-03,"Boston Celtics","Oklahoma City Thunder",134,129,5,263,5,11,16
"1816",2019-02-03,"Toronto Raptors","Los Angeles Clippers",121,103,18,224,16,7,23
"1817",2019-02-02,"Detroit Pistons","Los Angeles Clippers",101,111,-10,212,7,11,18
"1818",2019-02-02,"Charlotte Hornets","Chicago Bulls",125,118,7,243,9,8,17
"1819",2019-02-02,"Orlando Magic","Brooklyn Nets",102,89,13,191,7,8,15
"1820",2019-02-02,"Washington Wizards","Milwaukee Bucks",115,131,-16,246,12,6,18
"1821",2019-02-02,"Cleveland Cavaliers","Dallas Mavericks",98,111,-13,209,11,9,20
"1822",2019-02-02,"Miami Heat","Indiana Pacers",88,95,-7,183,10,14,24
"1823",2019-02-02,"San Antonio Spurs","New Orleans Pelicans",113,108,5,221,10,5,15
"1824",2019-02-02,"Golden State Warriors","Los Angeles Lakers",115,101,14,216,7,13,20
"1825",2019-02-02,"Minnesota Timberwolves","Denver Nuggets",106,107,-1,213,8,15,23
"1826",2019-02-02,"Phoenix Suns","Atlanta Hawks",112,118,-6,230,10,16,26
"1827",2019-02-02,"Utah Jazz","Houston Rockets",98,125,-27,223,14,8,22
"1828",2019-02-02,"Sacramento Kings","Philadelphia 76ers",115,108,7,223,12,14,26
"1829",2019-02-01,"Charlotte Hornets","Memphis Grizzlies",100,92,8,192,6,9,15
"1830",2019-02-01,"New York Knicks","Boston Celtics",99,113,-14,212,8,11,19
"1831",2019-02-01,"Miami Heat","Oklahoma City Thunder",102,118,-16,220,11,13,24
"1832",2019-02-01,"Utah Jazz","Atlanta Hawks",128,112,16,240,11,8,19
"1833",2019-02-01,"Denver Nuggets","Houston Rockets",136,122,14,258,10,11,21
"1834",2019-01-31,"Detroit Pistons","Dallas Mavericks",93,89,4,182,15,11,26
"1835",2019-01-31,"Orlando Magic","Indiana Pacers",107,100,7,207,9,6,15
"1836",2019-01-31,"Toronto Raptors","Milwaukee Bucks",92,105,-13,197,8,7,15
"1837",2019-01-31,"San Antonio Spurs","Brooklyn Nets",117,114,3,231,13,5,18
"1838",2019-01-31,"Golden State Warriors","Philadelphia 76ers",104,113,-9,217,9,16,25
"1839",2019-01-31,"Los Angeles Clippers","Los Angeles Lakers",120,123,-3,243,12,7,19
"1840",2019-01-30,"Boston Celtics","Charlotte Hornets",126,94,32,220,12,7,19
"1841",2019-01-30,"Miami Heat","Chicago Bulls",89,105,-16,194,15,5,20
"1842",2019-01-30,"New York Knicks","Dallas Mavericks",90,114,-24,204,5,7,12
"1843",2019-01-30,"Washington Wizards","Indiana Pacers",107,89,18,196,8,10,18
"1844",2019-01-30,"Minnesota Timberwolves","Memphis Grizzlies",99,97,2,196,11,14,25
"1845",2019-01-30,"New Orleans Pelicans","Denver Nuggets",99,105,-6,204,8,6,14
"1846",2019-01-30,"Sacramento Kings","Atlanta Hawks",135,113,22,248,15,9,24
"1847",2019-01-30,"Portland Trail Blazers","Utah Jazz",132,105,27,237,11,8,19
"1848",2019-01-29,"Cleveland Cavaliers","Washington Wizards",116,113,3,229,7,3,10
"1849",2019-01-29,"Detroit Pistons","Milwaukee Bucks",105,115,-10,220,10,6,16
"1850",2019-01-29,"Orlando Magic","Oklahoma City Thunder",117,126,-9,243,18,6,24
"1851",2019-01-29,"Brooklyn Nets","Chicago Bulls",122,117,5,239,7,5,12
"1852",2019-01-29,"Houston Rockets","New Orleans Pelicans",116,121,-5,237,15,13,28
"1853",2019-01-29,"San Antonio Spurs","Phoenix Suns",126,124,2,250,14,3,17
"1854",2019-01-29,"Los Angeles Lakers","Philadelphia 76ers",105,121,-16,226,14,12,26
"1855",2019-01-28,"Charlotte Hornets","New York Knicks",101,92,9,193,13,8,21
"1856",2019-01-28,"Indiana Pacers","Golden State Warriors",100,132,-32,232,10,13,23
"1857",2019-01-28,"Boston Celtics","Brooklyn Nets",112,104,8,216,16,16,32
"1858",2019-01-28,"Memphis Grizzlies","Denver Nuggets",92,95,-3,187,9,9,18
"1859",2019-01-28,"Los Angeles Clippers","Atlanta Hawks",118,123,-5,241,13,15,28
"1860",2019-01-27,"Chicago Bulls","Cleveland Cavaliers",101,104,-3,205,8,12,20
"1861",2019-01-27,"Los Angeles Clippers","Sacramento Kings",122,108,14,230,14,15,29
"1862",2019-01-27,"Oklahoma City Thunder","Milwaukee Bucks",118,112,6,230,11,9,20
"1863",2019-01-27,"Houston Rockets","Orlando Magic",103,98,5,201,3,18,21
"1864",2019-01-27,"Dallas Mavericks","Toronto Raptors",120,123,-3,243,7,8,15
"1865",2019-01-27,"Minnesota Timberwolves","Utah Jazz",111,125,-14,236,5,6,11
"1866",2019-01-27,"San Antonio Spurs","Washington Wizards",132,119,13,251,7,8,15
"1867",2019-01-27,"New York Knicks","Miami Heat",97,106,-9,203,7,8,15
"1868",2019-01-27,"Los Angeles Lakers","Phoenix Suns",116,102,14,218,14,15,29
"1869",2019-01-26,"New Orleans Pelicans","San Antonio Spurs",114,126,-12,240,10,9,19
"1870",2019-01-26,"Memphis Grizzlies","Indiana Pacers",106,103,3,209,8,7,15
"1871",2019-01-26,"Boston Celtics","Golden State Warriors",111,115,-4,226,15,11,26
"1872",2019-01-26,"Denver Nuggets","Philadelphia 76ers",126,110,16,236,11,11,22
"1873",2019-01-26,"Portland Trail Blazers","Atlanta Hawks",120,111,9,231,11,9,20
"1874",2019-01-25,"Orlando Magic","Washington Wizards",91,95,-4,186,13,5,18
"1875",2019-01-25,"Brooklyn Nets","New York Knicks",109,99,10,208,18,6,24
"1876",2019-01-25,"Cleveland Cavaliers","Miami Heat",94,100,-6,194,9,11,20
"1877",2019-01-25,"Chicago Bulls","Los Angeles Clippers",101,106,-5,207,12,5,17
"1878",2019-01-25,"Houston Rockets","Toronto Raptors",121,119,2,240,12,12,24
"1879",2019-01-25,"Memphis Grizzlies","Sacramento Kings",96,99,-3,195,9,12,21
"1880",2019-01-25,"Dallas Mavericks","Detroit Pistons",106,101,5,207,9,13,22
"1881",2019-01-25,"Milwaukee Bucks","Charlotte Hornets",108,99,9,207,6,12,18
"1882",2019-01-25,"Denver Nuggets","Phoenix Suns",132,95,37,227,16,2,18
"1883",2019-01-25,"Utah Jazz","Minnesota Timberwolves",106,102,4,208,16,12,28
"1884",2019-01-24,"Washington Wizards","Golden State Warriors",118,126,-8,244,9,8,17
"1885",2019-01-24,"Oklahoma City Thunder","New Orleans Pelicans",122,116,6,238,14,8,22
"1886",2019-01-24,"Phoenix Suns","Portland Trail Blazers",106,120,-14,226,9,14,23
"1887",2019-01-24,"Los Angeles Lakers","Minnesota Timberwolves",105,120,-15,225,9,22,31
"1888",2019-01-23,"Indiana Pacers","Toronto Raptors",110,106,4,216,12,10,22
"1889",2019-01-23,"Boston Celtics","Cleveland Cavaliers",123,103,20,226,9,15,24
"1890",2019-01-23,"Brooklyn Nets","Orlando Magic",114,110,4,224,12,11,23
"1891",2019-01-23,"Miami Heat","Los Angeles Clippers",99,111,-12,210,12,7,19
"1892",2019-01-23,"New York Knicks","Houston Rockets",110,114,-4,224,10,15,25
"1893",2019-01-23,"Philadelphia 76ers","San Antonio Spurs",122,120,2,242,13,5,18
"1894",2019-01-23,"Chicago Bulls","Atlanta Hawks",101,121,-20,222,7,16,23
"1895",2019-01-23,"Memphis Grizzlies","Charlotte Hornets",107,118,-11,225,6,5,11
"1896",2019-01-23,"New Orleans Pelicans","Detroit Pistons",94,98,-4,192,8,9,17
"1897",2019-01-23,"Utah Jazz","Denver Nuggets",114,108,6,222,12,12,24
"1898",2019-01-22,"Toronto Raptors","Sacramento Kings",120,105,15,225,12,10,22
"1899",2019-01-22,"Oklahoma City Thunder","Portland Trail Blazers",123,114,9,237,9,20,29
"1900",2019-01-22,"Dallas Mavericks","Los Angeles Clippers",106,98,8,204,9,14,23
"1901",2019-01-22,"Phoenix Suns","Minnesota Timberwolves",91,118,-27,209,5,20,25
"1902",2019-01-21,"New York Knicks","Oklahoma City Thunder",109,127,-18,236,11,10,21
"1903",2019-01-21,"Cleveland Cavaliers","Chicago Bulls",88,104,-16,192,11,8,19
"1904",2019-01-21,"Washington Wizards","Detroit Pistons",101,87,14,188,5,2,7
"1905",2019-01-21,"Milwaukee Bucks","Dallas Mavericks",116,106,10,222,8,11,19
"1906",2019-01-21,"Atlanta Hawks","Orlando Magic",103,122,-19,225,9,9,18
"1907",2019-01-21,"Brooklyn Nets","Sacramento Kings",123,94,29,217,12,10,22
"1908",2019-01-21,"Memphis Grizzlies","New Orleans Pelicans",85,105,-20,190,10,7,17
"1909",2019-01-21,"Boston Celtics","Miami Heat",107,99,8,206,8,10,18
"1910",2019-01-21,"Philadelphia 76ers","Houston Rockets",121,93,28,214,10,6,16
"1911",2019-01-21,"Utah Jazz","Portland Trail Blazers",104,109,-5,213,13,7,20
"1912",2019-01-21,"Los Angeles Lakers","Golden State Warriors",111,130,-19,241,7,13,20
"1913",2019-01-20,"Indiana Pacers","Charlotte Hornets",120,95,25,215,12,7,19
"1914",2019-01-20,"Minnesota Timberwolves","Phoenix Suns",116,114,2,230,12,9,21
"1915",2019-01-20,"San Antonio Spurs","Los Angeles Clippers",95,103,-8,198,10,4,14
"1916",2019-01-19,"Philadelphia 76ers","Oklahoma City Thunder",115,117,-2,232,12,11,23
"1917",2019-01-19,"Charlotte Hornets","Phoenix Suns",135,115,20,250,14,7,21
"1918",2019-01-19,"Detroit Pistons","Sacramento Kings",101,103,-2,204,13,11,24
"1919",2019-01-19,"Indiana Pacers","Dallas Mavericks",111,99,12,210,11,14,25
"1920",2019-01-19,"Orlando Magic","Milwaukee Bucks",108,118,-10,226,5,4,9
"1921",2019-01-19,"Atlanta Hawks","Boston Celtics",105,113,-8,218,13,11,24
"1922",2019-01-19,"Toronto Raptors","Memphis Grizzlies",119,90,29,209,8,10,18
"1923",2019-01-19,"Chicago Bulls","Miami Heat",103,117,-14,220,12,7,19
"1924",2019-01-19,"Houston Rockets","Los Angeles Lakers",138,134,4,272,12,13,25
"1925",2019-01-19,"Denver Nuggets","Cleveland Cavaliers",124,102,22,226,12,5,17
"1926",2019-01-18,"Boston Celtics","Memphis Grizzlies",122,116,6,238,10,9,19
"1927",2019-01-18,"Detroit Pistons","Miami Heat",98,93,5,191,8,7,15
"1928",2019-01-18,"Orlando Magic","Brooklyn Nets",115,117,-2,232,12,9,21
"1929",2019-01-18,"Minnesota Timberwolves","San Antonio Spurs",113,116,-3,229,10,9,19
"1930",2019-01-18,"Utah Jazz","Cleveland Cavaliers",115,99,16,214,8,6,14
"1931",2019-01-18,"Los Angeles Clippers","Golden State Warriors",94,112,-18,206,12,3,15
"1932",2019-01-18,"Portland Trail Blazers","New Orleans Pelicans",128,112,16,240,18,7,25
"1933",2019-01-17,"Washington Wizards","New York Knicks",101,100,1,201,15,6,21
"1934",2019-01-17,"Charlotte Hornets","Sacramento Kings",114,95,19,209,12,11,23
"1935",2019-01-17,"Indiana Pacers","Philadelphia 76ers",96,120,-24,216,12,9,21
"1936",2019-01-17,"Toronto Raptors","Phoenix Suns",111,109,2,220,9,15,24
"1937",2019-01-17,"Denver Nuggets","Chicago Bulls",135,105,30,240,13,16,29
"1938",2019-01-17,"Oklahoma City Thunder","Los Angeles Lakers",128,138,-10,266,15,14,29
"1939",2019-01-16,"Detroit Pistons","Orlando Magic",120,115,5,235,14,8,22
"1940",2019-01-16,"Boston Celtics","Toronto Raptors",117,108,9,225,14,14,28
"1941",2019-01-16,"Houston Rockets","Brooklyn Nets",142,145,-3,287,10,16,26
"1942",2019-01-16,"Memphis Grizzlies","Milwaukee Bucks",101,111,-10,212,13,5,18
"1943",2019-01-16,"Dallas Mavericks","San Antonio Spurs",101,105,-4,206,13,11,24
"1944",2019-01-16,"Portland Trail Blazers","Cleveland Cavaliers",129,112,17,241,7,12,19
"1945",2019-01-16,"Golden State Warriors","New Orleans Pelicans",147,140,7,287,10,7,17
"1946",2019-01-16,"Los Angeles Clippers","Utah Jazz",109,129,-20,238,11,8,19
"1947",2019-01-15,"Indiana Pacers","Phoenix Suns",131,97,34,228,9,10,19
"1948",2019-01-15,"Philadelphia 76ers","Minnesota Timberwolves",149,107,42,256,8,9,17
"1949",2019-01-15,"Atlanta Hawks","Oklahoma City Thunder",142,126,16,268,10,15,25
"1950",2019-01-15,"Milwaukee Bucks","Miami Heat",124,86,38,210,7,4,11
"1951",2019-01-15,"Denver Nuggets","Golden State Warriors",111,142,-31,253,9,12,21
"1952",2019-01-15,"Los Angeles Lakers","Chicago Bulls",107,100,7,207,13,13,26
"1953",2019-01-14,"Brooklyn Nets","Boston Celtics",109,102,7,211,13,10,23
"1954",2019-01-14,"Houston Rockets","Memphis Grizzlies",112,94,18,206,7,9,16
"1955",2019-01-14,"San Antonio Spurs","Charlotte Hornets",93,108,-15,201,3,8,11
"1956",2019-01-14,"Utah Jazz","Detroit Pistons",100,94,6,194,11,5,16
"1957",2019-01-14,"Sacramento Kings","Portland Trail Blazers",115,107,8,222,11,17,28
"1958",2019-01-14,"Los Angeles Clippers","New Orleans Pelicans",117,121,-4,238,8,15,23
"1959",2019-01-13,"New York Knicks","Philadelphia 76ers",105,108,-3,213,7,12,19
"1960",2019-01-13,"Washington Wizards","Toronto Raptors",138,140,-2,278,17,17,34
"1961",2019-01-13,"Atlanta Hawks","Milwaukee Bucks",114,133,-19,247,18,8,26
"1962",2019-01-13,"Orlando Magic","Houston Rockets",116,109,7,225,12,9,21
"1963",2019-01-13,"Dallas Mavericks","Golden State Warriors",114,119,-5,233,18,16,34
"1964",2019-01-13,"Denver Nuggets","Portland Trail Blazers",116,113,3,229,4,8,12
"1965",2019-01-13,"Los Angeles Lakers","Cleveland Cavaliers",95,101,-6,196,13,10,23
"1966",2019-01-12,"Los Angeles Clippers","Detroit Pistons",104,109,-5,213,6,14,20
"1967",2019-01-12,"Miami Heat","Memphis Grizzlies",112,108,4,220,10,10,20
"1968",2019-01-12,"Orlando Magic","Boston Celtics",105,103,2,208,9,10,19
"1969",2019-01-12,"Minnesota Timberwolves","New Orleans Pelicans",110,106,4,216,15,10,25
"1970",2019-01-12,"Oklahoma City Thunder","San Antonio Spurs",122,112,10,234,7,13,20
"1971",2019-01-12,"Phoenix Suns","Denver Nuggets",102,93,9,195,14,13,27
"1972",2019-01-12,"Sacramento Kings","Charlotte Hornets",104,97,7,201,12,13,25
"1973",2019-01-12,"Utah Jazz","Chicago Bulls",110,102,8,212,10,10,20
"1974",2019-01-11,"Philadelphia 76ers","Atlanta Hawks",121,123,-2,244,11,15,26
"1975",2019-01-11,"Washington Wizards","Milwaukee Bucks",113,106,7,219,6,10,16
"1976",2019-01-11,"New York Knicks","Indiana Pacers",106,121,-15,227,8,11,19
"1977",2019-01-11,"Toronto Raptors","Brooklyn Nets",122,105,17,227,13,9,22
"1978",2019-01-11,"Houston Rockets","Cleveland Cavaliers",141,113,28,254,8,6,14
"1979",2019-01-11,"Minnesota Timberwolves","Dallas Mavericks",115,119,-4,234,17,11,28
"1980",2019-01-11,"Utah Jazz","Los Angeles Lakers",113,95,18,208,15,16,31
"1981",2019-01-11,"Portland Trail Blazers","Charlotte Hornets",127,96,31,223,7,10,17
"1982",2019-01-11,"Golden State Warriors","Chicago Bulls",146,109,37,255,11,5,16
"1983",2019-01-10,"Miami Heat","Boston Celtics",115,99,16,214,10,9,19
"1984",2019-01-10,"Denver Nuggets","Los Angeles Clippers",121,100,21,221,15,8,23
"1985",2019-01-10,"San Antonio Spurs","Oklahoma City Thunder",154,147,7,301,5,14,19
"1986",2019-01-10,"Sacramento Kings","Detroit Pistons",112,102,10,214,11,9,20
"1987",2019-01-09,"Boston Celtics","Indiana Pacers",135,108,27,243,9,12,21
"1988",2019-01-09,"Washington Wizards","Philadelphia 76ers",123,106,17,229,11,17,28
"1989",2019-01-09,"Brooklyn Nets","Atlanta Hawks",116,100,16,216,18,18,36
"1990",2019-01-09,"Houston Rockets","Milwaukee Bucks",109,116,-7,225,14,10,24
"1991",2019-01-09,"Memphis Grizzlies","San Antonio Spurs",96,86,10,182,9,8,17
"1992",2019-01-09,"New Orleans Pelicans","Cleveland Cavaliers",140,124,16,264,11,9,20
"1993",2019-01-09,"Dallas Mavericks","Phoenix Suns",104,94,10,198,8,7,15
"1994",2019-01-09,"Utah Jazz","Orlando Magic",106,93,13,199,4,7,11
"1995",2019-01-09,"Portland Trail Blazers","Chicago Bulls",124,112,12,236,6,10,16
"1996",2019-01-09,"Los Angeles Lakers","Detroit Pistons",113,100,13,213,9,7,16
"1997",2019-01-08,"Cleveland Cavaliers","Indiana Pacers",115,123,-8,238,8,6,14
"1998",2019-01-08,"Philadelphia 76ers","Washington Wizards",132,115,17,247,13,6,19
"1999",2019-01-08,"Miami Heat","Denver Nuggets",99,103,-4,202,9,15,24
"2000",2019-01-08,"Toronto Raptors","Atlanta Hawks",104,101,3,205,6,13,19
"2001",2019-01-08,"Oklahoma City Thunder","Minnesota Timberwolves",117,119,-2,236,10,15,25
"2002",2019-01-08,"Phoenix Suns","Sacramento Kings",115,111,4,226,9,12,21
"2003",2019-01-08,"Golden State Warriors","New York Knicks",122,95,27,217,15,9,24
"2004",2019-01-08,"Los Angeles Clippers","Charlotte Hornets",128,109,19,237,7,10,17
"2005",2019-01-07,"Detroit Pistons","San Antonio Spurs",107,119,-12,226,9,9,18
"2006",2019-01-07,"Boston Celtics","Brooklyn Nets",116,95,21,211,6,9,15
"2007",2019-01-07,"Houston Rockets","Denver Nuggets",125,113,12,238,4,14,18
"2008",2019-01-07,"Milwaukee Bucks","Utah Jazz",114,102,12,216,10,11,21
"2009",2019-01-07,"New Orleans Pelicans","Memphis Grizzlies",114,95,19,209,5,6,11
"2010",2019-01-07,"Dallas Mavericks","Los Angeles Lakers",97,107,-10,204,14,11,25
"2011",2019-01-07,"Portland Trail Blazers","New York Knicks",111,101,10,212,12,14,26
"2012",2019-01-07,"Sacramento Kings","Orlando Magic",111,95,16,206,9,5,14
"2013",2019-01-06,"Chicago Bulls","Brooklyn Nets",100,117,-17,217,11,6,17
"2014",2019-01-06,"Minnesota Timberwolves","Los Angeles Lakers",108,86,22,194,8,12,20
"2015",2019-01-06,"Los Angeles Clippers","Orlando Magic",106,96,10,202,11,13,24
"2016",2019-01-06,"Atlanta Hawks","Miami Heat",106,82,24,188,14,12,26
"2017",2019-01-06,"Oklahoma City Thunder","Washington Wizards",98,116,-18,214,7,16,23
"2018",2019-01-06,"Toronto Raptors","Indiana Pacers",121,105,16,226,8,12,20
"2019",2019-01-06,"Phoenix Suns","Charlotte Hornets",113,119,-6,232,3,14,17
"2020",2019-01-05,"Denver Nuggets","Charlotte Hornets",123,110,13,233,17,12,29
"2021",2019-01-05,"Detroit Pistons","Utah Jazz",105,110,-5,215,5,7,12
"2022",2019-01-05,"Philadelphia 76ers","Dallas Mavericks",106,100,6,206,8,9,17
"2023",2019-01-05,"Cleveland Cavaliers","New Orleans Pelicans",98,133,-35,231,10,10,20
"2024",2019-01-05,"Milwaukee Bucks","Toronto Raptors",116,123,-7,239,4,4,8
"2025",2019-01-05,"San Antonio Spurs","Memphis Grizzlies",108,88,20,196,3,8,11
"2026",2019-01-05,"Portland Trail Blazers","Houston Rockets",110,101,9,211,17,10,27
"2027",2019-01-05,"Sacramento Kings","Golden State Warriors",123,127,-4,250,14,12,26
"2028",2019-01-04,"Cleveland Cavaliers","Utah Jazz",91,117,-26,208,7,8,15
"2029",2019-01-04,"Boston Celtics","Dallas Mavericks",114,93,21,207,14,11,25
"2030",2019-01-04,"Miami Heat","Washington Wizards",115,109,6,224,11,10,21
"2031",2019-01-04,"Chicago Bulls","Indiana Pacers",116,119,-3,235,8,9,17
"2032",2019-01-04,"Memphis Grizzlies","Brooklyn Nets",100,109,-9,209,8,8,16
"2033",2019-01-04,"Minnesota Timberwolves","Orlando Magic",120,103,17,223,10,5,15
"2034",2019-01-04,"Milwaukee Bucks","Atlanta Hawks",144,112,32,256,12,5,17
"2035",2019-01-04,"Phoenix Suns","Los Angeles Clippers",111,121,-10,232,7,16,23
"2036",2019-01-04,"Los Angeles Lakers","New York Knicks",112,119,-7,231,12,13,25
"2037",2019-01-04,"Portland Trail Blazers","Oklahoma City Thunder",109,111,-2,220,11,11,22
"2038",2019-01-03,"San Antonio Spurs","Toronto Raptors",125,107,18,232,8,9,17
"2039",2019-01-03,"Sacramento Kings","Denver Nuggets",113,117,-4,230,7,16,23
"2040",2019-01-03,"Golden State Warriors","Houston Rockets",134,135,-1,269,9,13,22
"2041",2019-01-02,"Charlotte Hornets","Dallas Mavericks",84,122,-38,206,12,12,24
"2042",2019-01-02,"Cleveland Cavaliers","Miami Heat",92,117,-25,209,2,13,15
"2043",2019-01-02,"Washington Wizards","Atlanta Hawks",114,98,16,212,10,13,23
"2044",2019-01-02,"Brooklyn Nets","New Orleans Pelicans",126,121,5,247,12,10,22
"2045",2019-01-02,"Boston Celtics","Minnesota Timberwolves",115,102,13,217,3,8,11
"2046",2019-01-02,"Chicago Bulls","Orlando Magic",84,112,-28,196,5,4,9
"2047",2019-01-02,"Memphis Grizzlies","Detroit Pistons",94,101,-7,195,8,7,15
"2048",2019-01-02,"Phoenix Suns","Philadelphia 76ers",127,132,-5,259,13,8,21
"2049",2019-01-02,"Los Angeles Lakers","Oklahoma City Thunder",100,107,-7,207,8,17,25
"2050",2019-01-01,"Toronto Raptors","Utah Jazz",122,116,6,238,5,12,17
"2051",2019-01-01,"Milwaukee Bucks","Detroit Pistons",121,98,23,219,5,14,19
"2052",2019-01-01,"Denver Nuggets","New York Knicks",115,108,7,223,16,15,31
"2053",2019-01-01,"Sacramento Kings","Portland Trail Blazers",108,113,-5,221,14,10,24
"2054",2019-01-01,"Los Angeles Clippers","Philadelphia 76ers",113,119,-6,232,12,17,29
"2055",2018-12-31,"Indiana Pacers","Atlanta Hawks",116,108,8,224,8,21,29
"2056",2018-12-31,"Charlotte Hornets","Orlando Magic",125,100,25,225,6,13,19
"2057",2018-12-31,"Houston Rockets","Memphis Grizzlies",113,101,12,214,7,6,13
"2058",2018-12-31,"San Antonio Spurs","Boston Celtics",120,111,9,231,8,9,17
"2059",2018-12-31,"New Orleans Pelicans","Minnesota Timberwolves",123,114,9,237,11,12,23
"2060",2018-12-31,"Oklahoma City Thunder","Dallas Mavericks",122,102,20,224,11,5,16
"2061",2018-12-31,"Phoenix Suns","Golden State Warriors",109,132,-23,241,7,7,14
"2062",2018-12-30,"Orlando Magic","Detroit Pistons",109,107,2,216,9,17,26
"2063",2018-12-30,"Miami Heat","Minnesota Timberwolves",104,113,-9,217,17,17,34
"2064",2018-12-30,"Toronto Raptors","Chicago Bulls",95,89,6,184,17,7,24
"2065",2018-12-30,"Dallas Mavericks","Oklahoma City Thunder",105,103,2,208,9,7,16
"2066",2018-12-30,"Portland Trail Blazers","Philadelphia 76ers",129,95,34,224,7,9,16
"2067",2018-12-30,"Los Angeles Lakers","Sacramento Kings",121,114,7,235,12,9,21
"2068",2018-12-29,"Milwaukee Bucks","Brooklyn Nets",129,115,14,244,5,5,10
"2069",2018-12-29,"New Orleans Pelicans","Houston Rockets",104,108,-4,212,8,8,16
"2070",2018-12-29,"Washington Wizards","Charlotte Hornets",130,126,4,256,9,10,19
"2071",2018-12-29,"Atlanta Hawks","Cleveland Cavaliers",111,108,3,219,17,10,27
"2072",2018-12-29,"Memphis Grizzlies","Boston Celtics",103,112,-9,215,8,7,15
"2073",2018-12-29,"Utah Jazz","New York Knicks",129,97,32,226,15,8,23
"2074",2018-12-29,"Phoenix Suns","Denver Nuggets",118,122,-4,240,12,10,22
"2075",2018-12-29,"Portland Trail Blazers","Golden State Warriors",105,115,-10,220,11,5,16
"2076",2018-12-29,"Los Angeles Clippers","San Antonio Spurs",111,122,-11,233,7,8,15
"2077",2018-12-28,"Charlotte Hornets","Brooklyn Nets",100,87,13,187,12,9,21
"2078",2018-12-28,"Indiana Pacers","Detroit Pistons",125,88,37,213,7,16,23
"2079",2018-12-28,"Orlando Magic","Toronto Raptors",116,87,29,203,11,14,25
"2080",2018-12-28,"Washington Wizards","Chicago Bulls",92,101,-9,193,8,7,15
"2081",2018-12-28,"Miami Heat","Cleveland Cavaliers",118,94,24,212,10,9,19
"2082",2018-12-28,"Minnesota Timberwolves","Atlanta Hawks",120,123,-3,243,16,17,33
"2083",2018-12-28,"New Orleans Pelicans","Dallas Mavericks",114,112,2,226,20,11,31
"2084",2018-12-28,"Denver Nuggets","San Antonio Spurs",102,99,3,201,16,12,28
"2085",2018-12-28,"Phoenix Suns","Oklahoma City Thunder",102,118,-16,220,7,11,18
"2086",2018-12-28,"Los Angeles Lakers","Los Angeles Clippers",107,118,-11,225,8,7,15
"2087",2018-12-27,"Houston Rockets","Boston Celtics",127,113,14,240,16,6,22
"2088",2018-12-27,"Milwaukee Bucks","New York Knicks",112,96,16,208,11,10,21
"2089",2018-12-27,"Sacramento Kings","Los Angeles Lakers",117,116,1,233,16,9,25
"2090",2018-12-27,"Utah Jazz","Philadelphia 76ers",97,114,-17,211,12,9,21
"2091",2018-12-27,"Golden State Warriors","Portland Trail Blazers",109,110,-1,219,14,11,25
"2092",2018-12-26,"Detroit Pistons","Washington Wizards",106,95,11,201,11,6,17
"2093",2018-12-26,"Orlando Magic","Phoenix Suns",120,122,-2,242,11,11,22
"2094",2018-12-26,"Atlanta Hawks","Indiana Pacers",121,129,-8,250,11,10,21
"2095",2018-12-26,"Brooklyn Nets","Charlotte Hornets",134,132,2,266,10,12,22
"2096",2018-12-26,"Miami Heat","Toronto Raptors",104,106,-2,210,6,10,16
"2097",2018-12-26,"Chicago Bulls","Minnesota Timberwolves",94,119,-25,213,12,12,24
"2098",2018-12-26,"Memphis Grizzlies","Cleveland Cavaliers",95,87,8,182,3,19,22
"2099",2018-12-26,"Dallas Mavericks","New Orleans Pelicans",122,119,3,241,8,7,15
"2100",2018-12-26,"San Antonio Spurs","Denver Nuggets",111,103,8,214,7,11,18
"2101",2018-12-26,"Los Angeles Clippers","Sacramento Kings",127,118,9,245,14,12,26
"2102",2018-12-25,"New York Knicks","Milwaukee Bucks",95,109,-14,204,15,6,21
"2103",2018-12-25,"Houston Rockets","Oklahoma City Thunder",113,109,4,222,17,18,35
"2104",2018-12-25,"Boston Celtics","Philadelphia 76ers",121,114,7,235,13,9,22
"2105",2018-12-25,"Golden State Warriors","Los Angeles Lakers",101,127,-26,228,7,6,13
"2106",2018-12-25,"Utah Jazz","Portland Trail Blazers",117,96,21,213,9,11,20
"2107",2018-12-23,"Detroit Pistons","Atlanta Hawks",95,98,-3,193,5,15,20
"2108",2018-12-23,"Indiana Pacers","Washington Wizards",105,89,16,194,16,6,22
"2109",2018-12-23,"Boston Celtics","Charlotte Hornets",119,103,16,222,11,9,20
"2110",2018-12-23,"Brooklyn Nets","Phoenix Suns",111,103,8,214,14,10,24
"2111",2018-12-23,"Cleveland Cavaliers","Chicago Bulls",92,112,-20,204,7,7,14
"2112",2018-12-23,"Orlando Magic","Miami Heat",91,115,-24,206,12,9,21
"2113",2018-12-23,"Sacramento Kings","New Orleans Pelicans",122,117,5,239,12,12,24
"2114",2018-12-23,"Oklahoma City Thunder","Minnesota Timberwolves",112,114,-2,226,9,6,15
"2115",2018-12-23,"Golden State Warriors","Los Angeles Clippers",129,127,2,256,15,5,20
"2116",2018-12-23,"Portland Trail Blazers","Dallas Mavericks",121,118,3,239,7,8,15
"2117",2018-12-23,"Los Angeles Lakers","Memphis Grizzlies",99,107,-8,206,6,9,15
"2118",2018-12-22,"Los Angeles Clippers","Denver Nuggets",132,111,21,243,13,13,26
"2119",2018-12-22,"Washington Wizards","Phoenix Suns",149,146,3,295,17,19,36
"2120",2018-12-22,"Philadelphia 76ers","Toronto Raptors",126,101,25,227,4,8,12
"2121",2018-12-22,"Miami Heat","Milwaukee Bucks",94,87,7,181,11,6,17
"2122",2018-12-22,"Houston Rockets","San Antonio Spurs",108,101,7,209,19,5,24
"2123",2018-12-22,"Golden State Warriors","Dallas Mavericks",120,116,4,236,15,11,26
"2124",2018-12-22,"Utah Jazz","Oklahoma City Thunder",106,107,-1,213,10,8,18
"2125",2018-12-21,"Charlotte Hornets","Detroit Pistons",98,86,12,184,11,12,23
"2126",2018-12-21,"Toronto Raptors","Cleveland Cavaliers",126,110,16,236,13,11,24
"2127",2018-12-21,"Brooklyn Nets","Indiana Pacers",106,114,-8,220,11,6,17
"2128",2018-12-21,"New York Knicks","Atlanta Hawks",107,114,-7,221,4,15,19
"2129",2018-12-21,"Boston Celtics","Milwaukee Bucks",107,120,-13,227,9,11,20
"2130",2018-12-21,"Chicago Bulls","Orlando Magic",90,80,10,170,9,13,22
"2131",2018-12-21,"San Antonio Spurs","Minnesota Timberwolves",124,98,26,222,11,9,20
"2132",2018-12-21,"Portland Trail Blazers","Utah Jazz",90,120,-30,210,13,6,19
"2133",2018-12-21,"Sacramento Kings","Memphis Grizzlies",102,99,3,201,12,8,20
"2134",2018-12-21,"Los Angeles Lakers","New Orleans Pelicans",112,104,8,216,8,14,22
"2135",2018-12-20,"Miami Heat","Houston Rockets",101,99,2,200,20,8,28
"2136",2018-12-20,"Los Angeles Clippers","Dallas Mavericks",125,121,4,246,11,16,27
"2137",2018-12-19,"Charlotte Hornets","Cleveland Cavaliers",110,99,11,209,13,4,17
"2138",2018-12-19,"Orlando Magic","San Antonio Spurs",90,129,-39,219,11,4,15
"2139",2018-12-19,"Philadelphia 76ers","New York Knicks",131,109,22,240,9,4,13
"2140",2018-12-19,"Boston Celtics","Phoenix Suns",103,111,-8,214,9,21,30
"2141",2018-12-19,"Toronto Raptors","Indiana Pacers",99,96,3,195,11,9,20
"2142",2018-12-19,"Chicago Bulls","Brooklyn Nets",93,96,-3,189,9,7,16
"2143",2018-12-19,"Houston Rockets","Washington Wizards",136,118,18,254,8,4,12
"2144",2018-12-19,"Milwaukee Bucks","New Orleans Pelicans",123,115,8,238,9,7,16
"2145",2018-12-19,"Minnesota Timberwolves","Detroit Pistons",123,129,-6,252,11,8,19
"2146",2018-12-19,"Utah Jazz","Golden State Warriors",108,103,5,211,10,10,20
"2147",2018-12-19,"Portland Trail Blazers","Memphis Grizzlies",99,92,7,191,12,11,23
"2148",2018-12-19,"Sacramento Kings","Oklahoma City Thunder",113,132,-19,245,10,18,28
"2149",2018-12-18,"Indiana Pacers","Cleveland Cavaliers",91,92,-1,183,14,12,26
"2150",2018-12-18,"Atlanta Hawks","Washington Wizards",118,110,8,228,13,9,22
"2151",2018-12-18,"Brooklyn Nets","Los Angeles Lakers",115,110,5,225,4,8,12
"2152",2018-12-18,"Denver Nuggets","Dallas Mavericks",126,118,8,244,12,6,18
"2153",2018-12-17,"Detroit Pistons","Milwaukee Bucks",104,107,-3,211,10,5,15
"2154",2018-12-17,"New York Knicks","Phoenix Suns",110,128,-18,238,16,4,20
"2155",2018-12-17,"Houston Rockets","Utah Jazz",102,97,5,199,9,11,20
"2156",2018-12-17,"Minnesota Timberwolves","Sacramento Kings",132,105,27,237,11,6,17
"2157",2018-12-17,"Oklahoma City Thunder","Chicago Bulls",121,96,25,217,17,13,30
"2158",2018-12-17,"San Antonio Spurs","Philadelphia 76ers",123,96,27,219,4,12,16
"2159",2018-12-17,"Golden State Warriors","Memphis Grizzlies",110,93,17,203,6,2,8
"2160",2018-12-17,"Los Angeles Clippers","Portland Trail Blazers",127,131,-4,258,8,6,14
"2161",2018-12-16,"Brooklyn Nets","Atlanta Hawks",144,127,17,271,10,8,18
"2162",2018-12-16,"Cleveland Cavaliers","Philadelphia 76ers",105,128,-23,233,6,12,18
"2163",2018-12-16,"Indiana Pacers","New York Knicks",110,99,11,209,11,13,24
"2164",2018-12-16,"Washington Wizards","Los Angeles Lakers",128,110,18,238,15,8,23
"2165",2018-12-16,"Dallas Mavericks","Sacramento Kings",113,120,-7,233,16,11,27
"2166",2018-12-16,"New Orleans Pelicans","Miami Heat",96,102,-6,198,11,22,33
"2167",2018-12-16,"Denver Nuggets","Toronto Raptors",95,86,9,181,10,13,23
"2168",2018-12-15,"Orlando Magic","Utah Jazz",96,89,7,185,4,11,15
"2169",2018-12-15,"Charlotte Hornets","Los Angeles Lakers",100,128,-28,228,9,10,19
"2170",2018-12-15,"Detroit Pistons","Boston Celtics",113,104,9,217,10,12,22
"2171",2018-12-15,"Memphis Grizzlies","Houston Rockets",97,105,-8,202,6,6,12
"2172",2018-12-15,"San Antonio Spurs","Chicago Bulls",93,98,-5,191,7,8,15
"2173",2018-12-15,"Oklahoma City Thunder","Los Angeles Clippers",110,104,6,214,9,6,15
"2174",2018-12-15,"Phoenix Suns","Minnesota Timberwolves",107,99,8,206,11,11,22
"2175",2018-12-14,"Boston Celtics","Atlanta Hawks",129,108,21,237,13,16,29
"2176",2018-12-14,"Charlotte Hornets","New York Knicks",124,126,-2,250,9,9,18
"2177",2018-12-14,"Brooklyn Nets","Washington Wizards",125,118,7,243,9,4,13
"2178",2018-12-14,"Cleveland Cavaliers","Milwaukee Bucks",102,114,-12,216,13,14,27
"2179",2018-12-14,"Philadelphia 76ers","Indiana Pacers",101,113,-12,214,17,11,28
"2180",2018-12-14,"Memphis Grizzlies","Miami Heat",97,100,-3,197,10,14,24
"2181",2018-12-14,"Denver Nuggets","Oklahoma City Thunder",109,98,11,207,12,19,31
"2182",2018-12-14,"Portland Trail Blazers","Toronto Raptors",128,122,6,250,12,6,18
"2183",2018-12-14,"Sacramento Kings","Golden State Warriors",125,130,-5,255,7,15,22
"2184",2018-12-13,"Houston Rockets","Los Angeles Lakers",126,111,15,237,15,7,22
"2185",2018-12-13,"San Antonio Spurs","Los Angeles Clippers",125,87,38,212,8,13,21
"2186",2018-12-13,"Orlando Magic","Chicago Bulls",97,91,6,188,9,1,10
"2187",2018-12-13,"Phoenix Suns","Dallas Mavericks",99,89,10,188,12,14,26
"2188",2018-12-12,"Charlotte Hornets","Detroit Pistons",108,107,1,215,6,10,16
"2189",2018-12-12,"Cleveland Cavaliers","New York Knicks",113,106,7,219,12,9,21
"2190",2018-12-12,"Indiana Pacers","Milwaukee Bucks",113,97,16,210,14,9,23
"2191",2018-12-12,"Philadelphia 76ers","Brooklyn Nets",124,127,-3,251,10,7,17
"2192",2018-12-12,"Washington Wizards","Boston Celtics",125,130,-5,255,8,14,22
"2193",2018-12-12,"Memphis Grizzlies","Portland Trail Blazers",92,83,9,175,9,4,13
"2194",2018-12-12,"New Orleans Pelicans","Oklahoma City Thunder",118,114,4,232,17,9,26
"2195",2018-12-12,"Dallas Mavericks","Atlanta Hawks",114,107,7,221,4,16,20
"2196",2018-12-12,"Utah Jazz","Miami Heat",111,84,27,195,7,2,9
"2197",2018-12-12,"Sacramento Kings","Minnesota Timberwolves",141,130,11,271,9,12,21
"2198",2018-12-12,"Golden State Warriors","Toronto Raptors",93,113,-20,206,5,10,15
"2199",2018-12-11,"Houston Rockets","Portland Trail Blazers",111,104,7,215,12,13,25
"2200",2018-12-11,"San Antonio Spurs","Phoenix Suns",111,86,25,197,8,8,16
"2201",2018-12-11,"Los Angeles Clippers","Toronto Raptors",99,123,-24,222,12,10,22
"2202",2018-12-10,"Indiana Pacers","Washington Wizards",109,101,8,210,7,6,13
"2203",2018-12-10,"Philadelphia 76ers","Detroit Pistons",116,102,14,218,16,10,26
"2204",2018-12-10,"Boston Celtics","New Orleans Pelicans",113,100,13,213,14,6,20
"2205",2018-12-10,"Chicago Bulls","Sacramento Kings",89,108,-19,197,7,10,17
"2206",2018-12-10,"Milwaukee Bucks","Cleveland Cavaliers",108,92,16,200,12,8,20
"2207",2018-12-10,"Oklahoma City Thunder","Utah Jazz",122,113,9,235,12,11,23
"2208",2018-12-10,"Dallas Mavericks","Orlando Magic",101,76,25,177,9,7,16
"2209",2018-12-10,"Denver Nuggets","Memphis Grizzlies",105,99,6,204,11,6,17
"2210",2018-12-10,"Phoenix Suns","Los Angeles Clippers",119,123,-4,242,10,10,20
"2211",2018-12-10,"Golden State Warriors","Minnesota Timberwolves",116,108,8,224,14,9,23
"2212",2018-12-10,"Los Angeles Lakers","Miami Heat",108,105,3,213,12,14,26
"2213",2018-12-09,"Detroit Pistons","New Orleans Pelicans",108,116,-8,224,17,8,25
"2214",2018-12-09,"Toronto Raptors","Milwaukee Bucks",99,104,-5,203,11,9,20
"2215",2018-12-09,"San Antonio Spurs","Utah Jazz",110,97,13,207,10,9,19
"2216",2018-12-09,"New York Knicks","Charlotte Hornets",107,119,-12,226,8,6,14
"2217",2018-12-08,"Dallas Mavericks","Houston Rockets",107,104,3,211,14,10,24
"2218",2018-12-08,"Indiana Pacers","Sacramento Kings",107,97,10,204,15,12,27
"2219",2018-12-08,"Atlanta Hawks","Denver Nuggets",106,98,8,204,9,11,20
"2220",2018-12-08,"Cleveland Cavaliers","Washington Wizards",116,101,15,217,12,8,20
"2221",2018-12-08,"New York Knicks","Brooklyn Nets",104,112,-8,216,9,12,21
"2222",2018-12-08,"Chicago Bulls","Boston Celtics",77,133,-56,210,8,13,21
"2223",2018-12-08,"Memphis Grizzlies","Los Angeles Lakers",88,111,-23,199,9,19,28
"2224",2018-12-08,"Portland Trail Blazers","Minnesota Timberwolves",113,105,8,218,14,10,24
"2225",2018-12-08,"Los Angeles Clippers","Miami Heat",98,121,-23,219,13,14,27
"2226",2018-12-07,"Charlotte Hornets","Denver Nuggets",113,107,6,220,13,20,33
"2227",2018-12-07,"Detroit Pistons","Philadelphia 76ers",111,117,-6,228,17,12,29
"2228",2018-12-07,"Orlando Magic","Indiana Pacers",90,112,-22,202,9,11,20
"2229",2018-12-07,"Brooklyn Nets","Toronto Raptors",106,105,1,211,16,6,22
"2230",2018-12-07,"Cleveland Cavaliers","Sacramento Kings",110,129,-19,239,7,10,17
"2231",2018-12-07,"Chicago Bulls","Oklahoma City Thunder",114,112,2,226,5,14,19
"2232",2018-12-07,"New Orleans Pelicans","Memphis Grizzlies",103,107,-4,210,10,10,20
"2233",2018-12-07,"San Antonio Spurs","Los Angeles Lakers",133,120,13,253,9,10,19
"2234",2018-12-07,"Phoenix Suns","Miami Heat",98,115,-17,213,4,6,10
"2235",2018-12-07,"Milwaukee Bucks","Golden State Warriors",95,105,-10,200,15,6,21
"2236",2018-12-06,"Boston Celtics","New York Knicks",128,100,28,228,7,14,21
"2237",2018-12-06,"Portland Trail Blazers","Phoenix Suns",108,86,22,194,13,11,24
"2238",2018-12-06,"Utah Jazz","Houston Rockets",118,91,27,209,12,14,26
"2239",2018-12-05,"Cleveland Cavaliers","Golden State Warriors",105,129,-24,234,12,9,21
"2240",2018-12-05,"Orlando Magic","Denver Nuggets",118,124,-6,242,6,4,10
"2241",2018-12-05,"Atlanta Hawks","Washington Wizards",117,131,-14,248,8,12,20
"2242",2018-12-05,"Brooklyn Nets","Oklahoma City Thunder",112,114,-2,226,10,17,27
"2243",2018-12-05,"Toronto Raptors","Philadelphia 76ers",113,102,11,215,17,11,28
"2244",2018-12-05,"Memphis Grizzlies","Los Angeles Clippers",96,86,10,182,11,11,22
"2245",2018-12-05,"Milwaukee Bucks","Detroit Pistons",115,92,23,207,4,12,16
"2246",2018-12-05,"Minnesota Timberwolves","Charlotte Hornets",121,104,17,225,10,13,23
"2247",2018-12-05,"New Orleans Pelicans","Dallas Mavericks",132,106,26,238,5,11,16
"2248",2018-12-05,"Los Angeles Lakers","San Antonio Spurs",121,113,8,234,6,11,17
"2249",2018-12-04,"Indiana Pacers","Chicago Bulls",96,90,6,186,6,12,18
"2250",2018-12-04,"Miami Heat","Orlando Magic",90,105,-15,195,16,11,27
"2251",2018-12-04,"Dallas Mavericks","Portland Trail Blazers",111,102,9,213,15,11,26
"2252",2018-12-04,"Phoenix Suns","Sacramento Kings",105,122,-17,227,13,9,22
"2253",2018-12-04,"Utah Jazz","San Antonio Spurs",139,105,34,244,5,7,12
"2254",2018-12-03,"Detroit Pistons","Oklahoma City Thunder",83,110,-27,193,9,6,15
"2255",2018-12-03,"Atlanta Hawks","Golden State Warriors",111,128,-17,239,9,6,15
"2256",2018-12-03,"Brooklyn Nets","Cleveland Cavaliers",97,99,-2,196,17,14,31
"2257",2018-12-03,"New York Knicks","Washington Wizards",107,110,-3,217,19,8,27
"2258",2018-12-03,"Toronto Raptors","Denver Nuggets",103,106,-3,209,7,15,22
"2259",2018-12-03,"Minnesota Timberwolves","Houston Rockets",103,91,12,194,13,7,20
"2260",2018-12-03,"New Orleans Pelicans","Los Angeles Clippers",126,129,-3,255,10,7,17
"2261",2018-12-02,"Los Angeles Lakers","Phoenix Suns",120,96,24,216,11,7,18
"2262",2018-12-02,"Charlotte Hornets","New Orleans Pelicans",109,119,-10,228,11,9,20
"2263",2018-12-02,"Miami Heat","Utah Jazz",102,100,2,202,14,10,24
"2264",2018-12-02,"Philadelphia 76ers","Memphis Grizzlies",103,95,8,198,3,3,6
"2265",2018-12-02,"Dallas Mavericks","Los Angeles Clippers",114,110,4,224,17,8,25
"2266",2018-12-02,"San Antonio Spurs","Portland Trail Blazers",131,118,13,249,5,9,14
"2267",2018-12-01,"New York Knicks","Milwaukee Bucks",136,134,2,270,6,10,16
"2268",2018-12-01,"Detroit Pistons","Golden State Warriors",111,102,9,213,14,8,22
"2269",2018-12-01,"Washington Wizards","Brooklyn Nets",102,88,14,190,2,11,13
"2270",2018-12-01,"Cleveland Cavaliers","Toronto Raptors",95,106,-11,201,11,6,17
"2271",2018-12-01,"Houston Rockets","Chicago Bulls",121,105,16,226,6,7,13
"2272",2018-12-01,"Minnesota Timberwolves","Boston Celtics",109,118,-9,227,9,7,16
"2273",2018-12-01,"Sacramento Kings","Indiana Pacers",111,110,1,221,14,6,20
"2274",2018-11-30,"Boston Celtics","Cleveland Cavaliers",128,95,33,223,12,9,21
"2275",2018-11-30,"Charlotte Hornets","Utah Jazz",111,119,-8,230,7,6,13
"2276",2018-11-30,"Detroit Pistons","Chicago Bulls",107,88,19,195,13,7,20
"2277",2018-11-30,"Philadelphia 76ers","Washington Wizards",123,98,25,221,17,8,25
"2278",2018-11-30,"Brooklyn Nets","Memphis Grizzlies",125,131,-6,256,11,11,22
"2279",2018-11-30,"Miami Heat","New Orleans Pelicans",106,101,5,207,13,11,24
"2280",2018-11-30,"Oklahoma City Thunder","Atlanta Hawks",124,109,15,233,7,14,21
"2281",2018-11-30,"San Antonio Spurs","Houston Rockets",105,136,-31,241,9,13,22
"2282",2018-11-30,"Phoenix Suns","Orlando Magic",85,99,-14,184,9,8,17
"2283",2018-11-30,"Los Angeles Lakers","Dallas Mavericks",114,103,11,217,9,9,18
"2284",2018-11-30,"Portland Trail Blazers","Denver Nuggets",112,113,-1,225,12,13,25
"2285",2018-11-29,"Toronto Raptors","Golden State Warriors",131,128,3,259,7,17,24
"2286",2018-11-29,"Los Angeles Lakers","Indiana Pacers",104,96,8,200,11,10,21
"2287",2018-11-29,"Sacramento Kings","Los Angeles Clippers",121,133,-12,254,16,8,24
"2288",2018-11-28,"Charlotte Hornets","Atlanta Hawks",108,94,14,202,5,16,21
"2289",2018-11-28,"Philadelphia 76ers","New York Knicks",117,91,26,208,8,11,19
"2290",2018-11-28,"Brooklyn Nets","Utah Jazz",91,101,-10,192,14,8,22
"2291",2018-11-28,"Houston Rockets","Dallas Mavericks",108,128,-20,236,15,10,25
"2292",2018-11-28,"Milwaukee Bucks","Chicago Bulls",116,113,3,229,8,9,17
"2293",2018-11-28,"Minnesota Timberwolves","San Antonio Spurs",128,89,39,217,13,12,25
"2294",2018-11-28,"New Orleans Pelicans","Washington Wizards",125,104,21,229,17,12,29
"2295",2018-11-28,"Oklahoma City Thunder","Cleveland Cavaliers",100,83,17,183,8,7,15
"2296",2018-11-28,"Portland Trail Blazers","Orlando Magic",115,112,3,227,13,3,16
"2297",2018-11-28,"Los Angeles Clippers","Phoenix Suns",115,99,16,214,18,7,25
"2298",2018-11-27,"Detroit Pistons","New York Knicks",115,108,7,223,7,13,20
"2299",2018-11-27,"Miami Heat","Atlanta Hawks",113,115,-2,228,11,10,21
"2300",2018-11-27,"Memphis Grizzlies","Toronto Raptors",114,122,-8,236,11,4,15
"2301",2018-11-27,"Denver Nuggets","Los Angeles Lakers",117,85,32,202,16,8,24
"2302",2018-11-27,"Phoenix Suns","Indiana Pacers",104,109,-5,213,12,17,29
"2303",2018-11-26,"Charlotte Hornets","Milwaukee Bucks",110,107,3,217,5,10,15
"2304",2018-11-26,"Cleveland Cavaliers","Minnesota Timberwolves",95,102,-7,197,9,8,17
"2305",2018-11-26,"Washington Wizards","Houston Rockets",135,131,4,266,9,18,27
"2306",2018-11-26,"Chicago Bulls","San Antonio Spurs",107,108,-1,215,5,7,12
"2307",2018-11-26,"New Orleans Pelicans","Boston Celtics",107,124,-17,231,9,14,23
"2308",2018-11-26,"Utah Jazz","Indiana Pacers",88,121,-33,209,10,4,14
"2309",2018-11-26,"Golden State Warriors","Orlando Magic",116,110,6,226,10,6,16
"2310",2018-11-25,"Los Angeles Lakers","Orlando Magic",104,108,-4,212,5,9,14
"2311",2018-11-25,"Detroit Pistons","Phoenix Suns",118,107,11,225,13,10,23
"2312",2018-11-25,"Atlanta Hawks","Charlotte Hornets",124,123,1,247,9,10,19
"2313",2018-11-25,"Brooklyn Nets","Philadelphia 76ers",125,127,-2,252,10,13,23
"2314",2018-11-25,"Toronto Raptors","Miami Heat",125,115,10,240,11,17,28
"2315",2018-11-25,"Memphis Grizzlies","New York Knicks",98,103,-5,201,6,14,20
"2316",2018-11-25,"Sacramento Kings","Utah Jazz",112,133,-21,245,7,13,20
"2317",2018-11-25,"Portland Trail Blazers","Los Angeles Clippers",100,104,-4,204,16,11,27
"2318",2018-11-24,"Cleveland Cavaliers","Houston Rockets",117,108,9,225,20,8,28
"2319",2018-11-24,"Washington Wizards","New Orleans Pelicans",124,114,10,238,5,7,12
"2320",2018-11-24,"Minnesota Timberwolves","Chicago Bulls",111,96,15,207,21,6,27
"2321",2018-11-24,"Oklahoma City Thunder","Denver Nuggets",98,105,-7,203,19,15,34
"2322",2018-11-24,"Dallas Mavericks","Boston Celtics",113,104,9,217,13,9,22
"2323",2018-11-24,"Milwaukee Bucks","San Antonio Spurs",135,129,6,264,6,9,15
"2324",2018-11-24,"Golden State Warriors","Sacramento Kings",117,116,1,233,12,13,25
"2325",2018-11-23,"Brooklyn Nets","Minnesota Timberwolves",102,112,-10,214,9,9,18
"2326",2018-11-23,"Los Angeles Clippers","Memphis Grizzlies",112,107,5,219,8,6,14
"2327",2018-11-23,"Detroit Pistons","Houston Rockets",116,111,5,227,14,17,31
"2328",2018-11-23,"Atlanta Hawks","Boston Celtics",96,114,-18,210,5,7,12
"2329",2018-11-23,"New York Knicks","New Orleans Pelicans",114,109,5,223,12,20,32
"2330",2018-11-23,"Philadelphia 76ers","Cleveland Cavaliers",112,121,-9,233,4,14,18
"2331",2018-11-23,"Toronto Raptors","Washington Wizards",125,107,18,232,13,14,27
"2332",2018-11-23,"Indiana Pacers","San Antonio Spurs",100,111,-11,211,11,9,20
"2333",2018-11-23,"Chicago Bulls","Miami Heat",96,103,-7,199,11,10,21
"2334",2018-11-23,"Oklahoma City Thunder","Charlotte Hornets",109,104,5,213,11,11,22
"2335",2018-11-23,"Milwaukee Bucks","Phoenix Suns",114,116,-2,230,7,6,13
"2336",2018-11-23,"Denver Nuggets","Orlando Magic",112,87,25,199,12,4,16
"2337",2018-11-23,"Golden State Warriors","Portland Trail Blazers",125,97,28,222,6,12,18
"2338",2018-11-23,"Los Angeles Lakers","Utah Jazz",90,83,7,173,5,7,12
"2339",2018-11-21,"Charlotte Hornets","Indiana Pacers",127,109,18,236,6,10,16
"2340",2018-11-21,"Philadelphia 76ers","New Orleans Pelicans",121,120,1,241,11,20,31
"2341",2018-11-21,"Atlanta Hawks","Toronto Raptors",108,124,-16,232,9,14,23
"2342",2018-11-21,"Boston Celtics","New York Knicks",109,117,-8,226,15,9,24
"2343",2018-11-21,"Cleveland Cavaliers","Los Angeles Lakers",105,109,-4,214,15,7,22
"2344",2018-11-21,"Chicago Bulls","Phoenix Suns",124,116,8,240,4,6,10
"2345",2018-11-21,"Houston Rockets","Detroit Pistons",126,124,2,250,5,15,20
"2346",2018-11-21,"Milwaukee Bucks","Portland Trail Blazers",143,100,43,243,13,10,23
"2347",2018-11-21,"Minnesota Timberwolves","Denver Nuggets",101,103,-2,204,8,9,17
"2348",2018-11-21,"Dallas Mavericks","Brooklyn Nets",119,113,6,232,8,16,24
"2349",2018-11-21,"San Antonio Spurs","Memphis Grizzlies",103,104,-1,207,10,4,14
"2350",2018-11-21,"Utah Jazz","Sacramento Kings",110,119,-9,229,12,8,20
"2351",2018-11-21,"Golden State Warriors","Oklahoma City Thunder",95,123,-28,218,7,18,25
"2352",2018-11-20,"Orlando Magic","Toronto Raptors",91,93,-2,184,11,6,17
"2353",2018-11-20,"Washington Wizards","Los Angeles Clippers",125,118,7,243,11,7,18
"2354",2018-11-20,"Miami Heat","Brooklyn Nets",92,104,-12,196,18,13,31
"2355",2018-11-20,"New York Knicks","Portland Trail Blazers",114,118,-4,232,10,14,24
"2356",2018-11-19,"Charlotte Hornets","Boston Celtics",117,112,5,229,8,8,16
"2357",2018-11-19,"Detroit Pistons","Cleveland Cavaliers",113,102,11,215,13,11,24
"2358",2018-11-19,"Indiana Pacers","Utah Jazz",121,94,27,215,11,3,14
"2359",2018-11-19,"Philadelphia 76ers","Phoenix Suns",119,114,5,233,13,5,18
"2360",2018-11-19,"Atlanta Hawks","Los Angeles Clippers",119,127,-8,246,16,15,31
"2361",2018-11-19,"Memphis Grizzlies","Dallas Mavericks",98,88,10,186,5,7,12
"2362",2018-11-19,"Milwaukee Bucks","Denver Nuggets",104,98,6,202,13,13,26
"2363",2018-11-19,"New Orleans Pelicans","San Antonio Spurs",140,126,14,266,14,18,32
"2364",2018-11-19,"Sacramento Kings","Oklahoma City Thunder",117,113,4,230,14,13,27
"2365",2018-11-18,"Minnesota Timberwolves","Memphis Grizzlies",87,100,-13,187,10,10,20
"2366",2018-11-18,"Miami Heat","Los Angeles Lakers",97,113,-16,210,12,14,26
"2367",2018-11-18,"Orlando Magic","New York Knicks",131,117,14,248,7,17,24
"2368",2018-11-18,"Washington Wizards","Portland Trail Blazers",109,119,-10,228,9,9,18
"2369",2018-11-18,"San Antonio Spurs","Golden State Warriors",104,92,12,196,11,10,21
"2370",2018-11-17,"Brooklyn Nets","Los Angeles Clippers",119,127,-8,246,15,9,24
"2371",2018-11-17,"Charlotte Hornets","Philadelphia 76ers",119,122,-3,241,9,9,18
"2372",2018-11-17,"Indiana Pacers","Atlanta Hawks",97,89,8,186,10,5,15
"2373",2018-11-17,"Orlando Magic","Los Angeles Lakers",130,117,13,247,11,8,19
"2374",2018-11-17,"New Orleans Pelicans","Denver Nuggets",125,115,10,240,10,10,20
"2375",2018-11-17,"Boston Celtics","Utah Jazz",86,98,-12,184,17,7,24
"2376",2018-11-17,"Chicago Bulls","Toronto Raptors",83,122,-39,205,7,8,15
"2377",2018-11-17,"Houston Rockets","Sacramento Kings",132,112,20,244,6,13,19
"2378",2018-11-17,"Dallas Mavericks","Golden State Warriors",112,109,3,221,8,12,20
"2379",2018-11-17,"Phoenix Suns","Oklahoma City Thunder",100,110,-10,210,4,14,18
"2380",2018-11-16,"Boston Celtics","Toronto Raptors",123,116,7,239,9,11,20
"2381",2018-11-16,"Indiana Pacers","Miami Heat",99,91,8,190,4,13,17
"2382",2018-11-16,"Philadelphia 76ers","Utah Jazz",113,107,6,220,10,10,20
"2383",2018-11-16,"Washington Wizards","Brooklyn Nets",104,115,-11,219,12,13,25
"2384",2018-11-16,"Memphis Grizzlies","Sacramento Kings",112,104,8,216,9,9,18
"2385",2018-11-16,"Minnesota Timberwolves","Portland Trail Blazers",112,96,16,208,9,11,20
"2386",2018-11-16,"New Orleans Pelicans","New York Knicks",129,124,5,253,11,12,23
"2387",2018-11-16,"Milwaukee Bucks","Chicago Bulls",123,104,19,227,11,4,15
"2388",2018-11-15,"Houston Rockets","Golden State Warriors",107,86,21,193,14,12,26
"2389",2018-11-15,"Denver Nuggets","Atlanta Hawks",138,93,45,231,11,15,26
"2390",2018-11-15,"Los Angeles Clippers","San Antonio Spurs",116,111,5,227,9,15,24
"2391",2018-11-14,"Orlando Magic","Philadelphia 76ers",111,106,5,217,5,10,15
"2392",2018-11-14,"Washington Wizards","Cleveland Cavaliers",119,95,24,214,12,9,21
"2393",2018-11-14,"Boston Celtics","Chicago Bulls",111,82,29,193,8,7,15
"2394",2018-11-14,"Brooklyn Nets","Miami Heat",107,120,-13,227,16,6,22
"2395",2018-11-14,"Toronto Raptors","Detroit Pistons",104,106,-2,210,12,7,19
"2396",2018-11-14,"Milwaukee Bucks","Memphis Grizzlies",113,116,-3,229,9,4,13
"2397",2018-11-14,"Minnesota Timberwolves","New Orleans Pelicans",107,100,7,207,11,10,21
"2398",2018-11-14,"Oklahoma City Thunder","New York Knicks",128,103,25,231,13,9,22
"2399",2018-11-14,"Dallas Mavericks","Utah Jazz",118,68,50,186,7,8,15
"2400",2018-11-14,"Phoenix Suns","San Antonio Spurs",116,96,20,212,5,13,18
"2401",2018-11-14,"Los Angeles Lakers","Portland Trail Blazers",126,117,9,243,11,11,22
"2402",2018-11-13,"Cleveland Cavaliers","Charlotte Hornets",113,89,24,202,14,12,26
"2403",2018-11-13,"Denver Nuggets","Houston Rockets",99,109,-10,208,7,6,13
"2404",2018-11-13,"Golden State Warriors","Atlanta Hawks",110,103,7,213,13,10,23
"2405",2018-11-12,"Washington Wizards","Orlando Magic",117,109,8,226,7,8,15
"2406",2018-11-12,"Miami Heat","Philadelphia 76ers",114,124,-10,238,8,10,18
"2407",2018-11-12,"Toronto Raptors","New Orleans Pelicans",110,126,-16,236,13,14,27
"2408",2018-11-12,"Chicago Bulls","Dallas Mavericks",98,103,-5,201,8,7,15
"2409",2018-11-12,"Memphis Grizzlies","Utah Jazz",88,96,-8,184,8,13,21
"2410",2018-11-12,"Minnesota Timberwolves","Brooklyn Nets",120,113,7,233,9,19,28
"2411",2018-11-12,"Oklahoma City Thunder","Phoenix Suns",118,101,17,219,12,10,22
"2412",2018-11-12,"Sacramento Kings","San Antonio Spurs",104,99,5,203,7,9,16
"2413",2018-11-12,"Los Angeles Clippers","Golden State Warriors",121,116,5,237,6,11,17
"2414",2018-11-11,"Detroit Pistons","Charlotte Hornets",103,113,-10,216,22,6,28
"2415",2018-11-11,"Houston Rockets","Indiana Pacers",115,103,12,218,8,5,13
"2416",2018-11-11,"New York Knicks","Orlando Magic",89,115,-26,204,13,10,23
"2417",2018-11-11,"Denver Nuggets","Milwaukee Bucks",114,121,-7,235,10,5,15
"2418",2018-11-11,"Portland Trail Blazers","Boston Celtics",100,94,6,194,15,11,26
"2419",2018-11-11,"Los Angeles Lakers","Atlanta Hawks",107,106,1,213,17,10,27
"2420",2018-11-10,"Toronto Raptors","New York Knicks",128,112,16,240,12,16,28
"2421",2018-11-10,"Los Angeles Clippers","Milwaukee Bucks",128,126,2,254,10,15,25
"2422",2018-11-10,"New Orleans Pelicans","Phoenix Suns",119,99,20,218,16,10,26
"2423",2018-11-10,"Miami Heat","Washington Wizards",110,116,-6,226,14,16,30
"2424",2018-11-10,"Chicago Bulls","Cleveland Cavaliers",99,98,1,197,5,15,20
"2425",2018-11-10,"Memphis Grizzlies","Philadelphia 76ers",112,106,6,218,15,8,23
"2426",2018-11-10,"San Antonio Spurs","Houston Rockets",96,89,7,185,8,15,23
"2427",2018-11-10,"Golden State Warriors","Brooklyn Nets",116,100,16,216,6,12,18
"2428",2018-11-10,"Dallas Mavericks","Oklahoma City Thunder",111,96,15,207,4,26,30
"2429",2018-11-10,"Sacramento Kings","Los Angeles Lakers",86,101,-15,187,13,17,30
"2430",2018-11-09,"Orlando Magic","Washington Wizards",117,108,9,225,10,6,16
"2431",2018-11-09,"Philadelphia 76ers","Charlotte Hornets",133,132,1,265,13,14,27
"2432",2018-11-09,"Atlanta Hawks","Detroit Pistons",109,124,-15,233,9,10,19
"2433",2018-11-09,"Miami Heat","Indiana Pacers",102,110,-8,212,9,6,15
"2434",2018-11-09,"Denver Nuggets","Brooklyn Nets",110,112,-2,222,15,12,27
"2435",2018-11-09,"Utah Jazz","Boston Celtics",123,115,8,238,8,5,13
"2436",2018-11-09,"Sacramento Kings","Minnesota Timberwolves",121,110,11,231,12,15,27
"2437",2018-11-08,"Oklahoma City Thunder","Houston Rockets",98,80,18,178,13,12,25
"2438",2018-11-08,"Phoenix Suns","Boston Celtics",109,116,-7,225,4,17,21
"2439",2018-11-08,"Portland Trail Blazers","Los Angeles Clippers",116,105,11,221,14,7,21
"2440",2018-11-08,"Golden State Warriors","Milwaukee Bucks",111,134,-23,245,8,13,21
"2441",2018-11-07,"Cleveland Cavaliers","Oklahoma City Thunder",86,95,-9,181,12,7,19
"2442",2018-11-07,"Orlando Magic","Detroit Pistons",96,103,-7,199,6,13,19
"2443",2018-11-07,"Atlanta Hawks","New York Knicks",107,112,-5,219,15,11,26
"2444",2018-11-07,"Miami Heat","San Antonio Spurs",95,88,7,183,14,12,26
"2445",2018-11-07,"Indiana Pacers","Philadelphia 76ers",94,100,-6,194,8,5,13
"2446",2018-11-07,"Memphis Grizzlies","Denver Nuggets",89,87,2,176,8,13,21
"2447",2018-11-07,"New Orleans Pelicans","Chicago Bulls",107,98,9,205,11,7,18
"2448",2018-11-07,"Utah Jazz","Dallas Mavericks",117,102,15,219,8,12,20
"2449",2018-11-07,"Sacramento Kings","Toronto Raptors",105,114,-9,219,6,13,19
"2450",2018-11-07,"Los Angeles Lakers","Minnesota Timberwolves",114,110,4,224,12,11,23
"2451",2018-11-06,"Charlotte Hornets","Atlanta Hawks",113,102,11,215,8,7,15
"2452",2018-11-06,"Dallas Mavericks","Washington Wizards",119,100,19,219,10,5,15
"2453",2018-11-06,"Phoenix Suns","Brooklyn Nets",82,104,-22,186,9,13,22
"2454",2018-11-06,"Portland Trail Blazers","Milwaukee Bucks",118,103,15,221,11,12,23
"2455",2018-11-05,"Detroit Pistons","Miami Heat",115,120,-5,235,21,9,30
"2456",2018-11-05,"Indiana Pacers","Houston Rockets",94,98,-4,192,7,5,12
"2457",2018-11-05,"Orlando Magic","Cleveland Cavaliers",102,100,2,202,10,8,18
"2458",2018-11-05,"New York Knicks","Chicago Bulls",115,116,-1,231,21,11,32
"2459",2018-11-05,"Oklahoma City Thunder","New Orleans Pelicans",122,116,6,238,9,11,20
"2460",2018-11-05,"Denver Nuggets","Boston Celtics",115,107,8,222,15,7,22
"2461",2018-11-05,"Utah Jazz","Toronto Raptors",111,124,-13,235,12,7,19
"2462",2018-11-05,"Golden State Warriors","Memphis Grizzlies",117,101,16,218,8,4,12
"2463",2018-11-05,"Los Angeles Clippers","Minnesota Timberwolves",120,109,11,229,13,8,21
"2464",2018-11-04,"Milwaukee Bucks","Sacramento Kings",144,109,35,253,10,8,18
"2465",2018-11-04,"Brooklyn Nets","Philadelphia 76ers",122,97,25,219,15,9,24
"2466",2018-11-04,"Washington Wizards","New York Knicks",108,95,13,203,15,15,30
"2467",2018-11-04,"San Antonio Spurs","Orlando Magic",110,117,-7,227,10,11,21
"2468",2018-11-04,"Phoenix Suns","Memphis Grizzlies",102,100,2,202,5,9,14
"2469",2018-11-04,"Portland Trail Blazers","Minnesota Timberwolves",111,81,30,192,17,13,30
"2470",2018-11-04,"Los Angeles Lakers","Toronto Raptors",107,121,-14,228,6,13,19
"2471",2018-11-03,"Philadelphia 76ers","Detroit Pistons",109,99,10,208,3,7,10
"2472",2018-11-03,"Charlotte Hornets","Cleveland Cavaliers",126,94,32,220,12,3,15
"2473",2018-11-03,"Indiana Pacers","Boston Celtics",102,101,1,203,8,10,18
"2474",2018-11-03,"Atlanta Hawks","Miami Heat",123,118,5,241,8,13,21
"2475",2018-11-03,"Chicago Bulls","Houston Rockets",88,96,-8,184,4,10,14
"2476",2018-11-03,"San Antonio Spurs","New Orleans Pelicans",109,95,14,204,8,6,14
"2477",2018-11-03,"Denver Nuggets","Utah Jazz",103,88,15,191,8,10,18
"2478",2018-11-03,"Portland Trail Blazers","Los Angeles Lakers",110,114,-4,224,16,9,25
"2479",2018-11-02,"Orlando Magic","Los Angeles Clippers",95,120,-25,215,8,10,18
"2480",2018-11-02,"Brooklyn Nets","Houston Rockets",111,119,-8,230,9,11,20
"2481",2018-11-02,"Washington Wizards","Oklahoma City Thunder",111,134,-23,245,6,7,13
"2482",2018-11-02,"Chicago Bulls","Indiana Pacers",105,107,-2,212,11,9,20
"2483",2018-11-02,"Dallas Mavericks","New York Knicks",106,118,-12,224,11,10,21
"2484",2018-11-02,"Utah Jazz","Memphis Grizzlies",100,110,-10,210,10,9,19
"2485",2018-11-02,"Phoenix Suns","Toronto Raptors",98,107,-9,205,12,6,18
"2486",2018-11-02,"Golden State Warriors","Minnesota Timberwolves",116,99,17,215,12,8,20
"2487",2018-11-01,"Charlotte Hornets","Oklahoma City Thunder",107,111,-4,218,11,14,25
"2488",2018-11-01,"Cleveland Cavaliers","Denver Nuggets",91,110,-19,201,13,14,27
"2489",2018-11-01,"Philadelphia 76ers","Los Angeles Clippers",122,113,9,235,10,8,18
"2490",2018-11-01,"Atlanta Hawks","Sacramento Kings",115,146,-31,261,10,10,20
"2491",2018-11-01,"Boston Celtics","Milwaukee Bucks",117,113,4,230,8,8,16
"2492",2018-11-01,"Portland Trail Blazers","New Orleans Pelicans",132,119,13,251,8,14,22
"2493",2018-10-31,"Brooklyn Nets","Detroit Pistons",120,119,1,239,18,14,32
"2494",2018-10-31,"New York Knicks","Indiana Pacers",101,107,-6,208,9,10,19
"2495",2018-10-31,"Chicago Bulls","Denver Nuggets",107,108,-1,215,10,17,27
"2496",2018-10-31,"Minnesota Timberwolves","Utah Jazz",128,125,3,253,7,20,27
"2497",2018-10-31,"Golden State Warriors","New Orleans Pelicans",131,121,10,252,12,12,24
"2498",2018-10-31,"Los Angeles Lakers","Dallas Mavericks",114,113,1,227,8,10,18
"2499",2018-10-31,"Phoenix Suns","San Antonio Spurs",90,120,-30,210,7,6,13
"2500",2018-10-30,"Charlotte Hornets","Miami Heat",125,113,12,238,8,10,18
"2501",2018-10-30,"Cleveland Cavaliers","Atlanta Hawks",136,114,22,250,13,6,19
"2502",2018-10-30,"Orlando Magic","Sacramento Kings",99,107,-8,206,11,8,19
"2503",2018-10-30,"Boston Celtics","Detroit Pistons",108,105,3,213,8,11,19
"2504",2018-10-30,"Toronto Raptors","Philadelphia 76ers",129,112,17,241,9,17,26
"2505",2018-10-30,"Houston Rockets","Portland Trail Blazers",85,104,-19,189,20,7,27
"2506",2018-10-30,"Memphis Grizzlies","Washington Wizards",107,95,12,202,6,5,11
"2507",2018-10-30,"Oklahoma City Thunder","Los Angeles Clippers",128,110,18,238,9,6,15
"2508",2018-10-29,"Indiana Pacers","Portland Trail Blazers",93,103,-10,196,7,9,16
"2509",2018-10-29,"Philadelphia 76ers","Atlanta Hawks",113,92,21,205,16,10,26
"2510",2018-10-29,"Miami Heat","Sacramento Kings",113,123,-10,236,13,9,22
"2511",2018-10-29,"New York Knicks","Brooklyn Nets",115,96,19,211,16,11,27
"2512",2018-10-29,"Chicago Bulls","Golden State Warriors",124,149,-25,273,12,8,20
"2513",2018-10-29,"Milwaukee Bucks","Toronto Raptors",124,109,15,233,8,15,23
"2514",2018-10-29,"Minnesota Timberwolves","Los Angeles Lakers",124,120,4,244,20,17,37
"2515",2018-10-29,"San Antonio Spurs","Dallas Mavericks",113,108,5,221,5,8,13
"2516",2018-10-29,"Denver Nuggets","New Orleans Pelicans",116,111,5,227,9,7,16
"2517",2018-10-28,"Brooklyn Nets","Golden State Warriors",114,120,-6,234,5,12,17
"2518",2018-10-28,"Dallas Mavericks","Utah Jazz",104,113,-9,217,12,8,20
"2519",2018-10-28,"Oklahoma City Thunder","Phoenix Suns",117,110,7,227,9,10,19
"2520",2018-10-28,"Los Angeles Clippers","Washington Wizards",136,104,32,240,14,14,28
"2521",2018-10-27,"Detroit Pistons","Boston Celtics",89,109,-20,198,6,8,14
"2522",2018-10-27,"New Orleans Pelicans","Utah Jazz",111,132,-21,243,11,6,17
"2523",2018-10-27,"Atlanta Hawks","Chicago Bulls",85,97,-12,182,11,8,19
"2524",2018-10-27,"Cleveland Cavaliers","Indiana Pacers",107,119,-12,226,16,4,20
"2525",2018-10-27,"Philadelphia 76ers","Charlotte Hornets",105,103,2,208,14,9,23
"2526",2018-10-27,"Miami Heat","Portland Trail Blazers",120,111,9,231,16,8,24
"2527",2018-10-27,"Memphis Grizzlies","Phoenix Suns",117,96,21,213,3,5,8
"2528",2018-10-27,"Milwaukee Bucks","Orlando Magic",113,91,22,204,6,11,17
"2529",2018-10-27,"San Antonio Spurs","Los Angeles Lakers",110,106,4,216,12,7,19
"2530",2018-10-26,"Charlotte Hornets","Chicago Bulls",135,106,29,241,11,8,19
"2531",2018-10-26,"New York Knicks","Golden State Warriors",100,128,-28,228,11,6,17
"2532",2018-10-26,"Toronto Raptors","Dallas Mavericks",116,107,9,223,12,10,22
"2533",2018-10-26,"Houston Rockets","Los Angeles Clippers",113,133,-20,246,16,5,21
"2534",2018-10-26,"Minnesota Timberwolves","Milwaukee Bucks",95,125,-30,220,17,7,24
"2535",2018-10-26,"New Orleans Pelicans","Brooklyn Nets",117,115,2,232,15,16,31
"2536",2018-10-26,"Sacramento Kings","Washington Wizards",116,112,4,228,14,5,19
"2537",2018-10-25,"Detroit Pistons","Cleveland Cavaliers",110,103,7,213,13,7,20
"2538",2018-10-25,"Orlando Magic","Portland Trail Blazers",114,128,-14,242,11,12,23
"2539",2018-10-25,"Oklahoma City Thunder","Boston Celtics",95,101,-6,196,16,10,26
"2540",2018-10-25,"Los Angeles Lakers","Denver Nuggets",121,114,7,235,9,10,19
"2541",2018-10-24,"Atlanta Hawks","Dallas Mavericks",111,104,7,215,10,9,19
"2542",2018-10-24,"Cleveland Cavaliers","Brooklyn Nets",86,102,-16,188,16,8,24
"2543",2018-10-24,"Miami Heat","New York Knicks",110,87,23,197,4,10,14
"2544",2018-10-24,"Toronto Raptors","Minnesota Timberwolves",112,105,7,217,11,16,27
"2545",2018-10-24,"Chicago Bulls","Charlotte Hornets",112,110,2,222,9,8,17
"2546",2018-10-24,"Houston Rockets","Utah Jazz",89,100,-11,189,10,9,19
"2547",2018-10-24,"San Antonio Spurs","Indiana Pacers",96,116,-20,212,15,5,20
"2548",2018-10-24,"Milwaukee Bucks","Philadelphia 76ers",123,108,15,231,9,8,17
"2549",2018-10-24,"Phoenix Suns","Los Angeles Lakers",113,131,-18,244,9,11,20
"2550",2018-10-24,"Sacramento Kings","Memphis Grizzlies",97,92,5,189,15,13,28
"2551",2018-10-24,"Golden State Warriors","Washington Wizards",144,122,22,266,10,7,17
"2552",2018-10-23,"Detroit Pistons","Philadelphia 76ers",133,132,1,265,12,8,20
"2553",2018-10-23,"New Orleans Pelicans","Los Angeles Clippers",116,109,7,225,12,9,21
"2554",2018-10-23,"Denver Nuggets","Sacramento Kings",126,112,14,238,15,9,24
"2555",2018-10-22,"Boston Celtics","Orlando Magic",90,93,-3,183,9,8,17
"2556",2018-10-22,"Toronto Raptors","Charlotte Hornets",127,106,21,233,5,14,19
"2557",2018-10-22,"Milwaukee Bucks","New York Knicks",124,113,11,237,19,11,30
"2558",2018-10-22,"Minnesota Timberwolves","Indiana Pacers",101,91,10,192,8,12,20
"2559",2018-10-22,"Dallas Mavericks","Chicago Bulls",115,109,6,224,13,7,20
"2560",2018-10-22,"Utah Jazz","Memphis Grizzlies",84,92,-8,176,10,7,17
"2561",2018-10-22,"Portland Trail Blazers","Washington Wizards",124,125,-1,249,17,12,29
"2562",2018-10-22,"Golden State Warriors","Phoenix Suns",123,103,20,226,7,12,19
"2563",2018-10-22,"Los Angeles Lakers","San Antonio Spurs",142,143,-1,285,13,10,23
"2564",2018-10-21,"Cleveland Cavaliers","Atlanta Hawks",111,133,-22,244,15,9,24
"2565",2018-10-21,"Oklahoma City Thunder","Sacramento Kings",120,131,-11,251,18,12,30
"2566",2018-10-21,"Denver Nuggets","Golden State Warriors",100,98,2,198,13,6,19
"2567",2018-10-21,"Los Angeles Clippers","Houston Rockets",115,112,3,227,12,6,18
"2568",2018-10-20,"Indiana Pacers","Brooklyn Nets",132,112,20,244,10,9,19
"2569",2018-10-20,"Washington Wizards","Toronto Raptors",113,117,-4,230,9,14,23
"2570",2018-10-20,"New York Knicks","Boston Celtics",101,103,-2,204,11,11,22
"2571",2018-10-20,"Philadelphia 76ers","Orlando Magic",116,115,1,231,13,14,27
"2572",2018-10-20,"Miami Heat","Charlotte Hornets",112,113,-1,225,12,12,24
"2573",2018-10-20,"Chicago Bulls","Detroit Pistons",116,118,-2,234,5,18,23
"2574",2018-10-20,"Dallas Mavericks","Minnesota Timberwolves",140,136,4,276,15,6,21
"2575",2018-10-20,"Denver Nuggets","Phoenix Suns",119,91,28,210,9,10,19
"2576",2018-10-20,"Portland Trail Blazers","San Antonio Spurs",121,108,13,229,8,15,23
"2577",2018-10-20,"Los Angeles Lakers","Houston Rockets",115,124,-9,239,9,13,22
"2578",2018-10-19,"Orlando Magic","Charlotte Hornets",88,120,-32,208,12,12,24
"2579",2018-10-19,"Brooklyn Nets","New York Knicks",107,105,2,212,12,12,24
"2580",2018-10-19,"Toronto Raptors","Boston Celtics",113,101,12,214,12,16,28
"2581",2018-10-19,"Memphis Grizzlies","Atlanta Hawks",131,117,14,248,7,11,18
"2582",2018-10-19,"Minnesota Timberwolves","Cleveland Cavaliers",131,123,8,254,9,13,22
"2583",2018-10-19,"New Orleans Pelicans","Sacramento Kings",149,129,20,278,12,9,21
"2584",2018-10-19,"Milwaukee Bucks","Indiana Pacers",118,101,17,219,11,9,20
"2585",2018-10-19,"Utah Jazz","Golden State Warriors",123,124,-1,247,10,8,18
"2586",2018-10-19,"Los Angeles Clippers","Oklahoma City Thunder",108,92,16,200,10,15,25
"2587",2018-10-18,"Philadelphia 76ers","Chicago Bulls",127,108,19,235,11,5,16
"2588",2018-10-18,"Washington Wizards","Miami Heat",112,113,-1,225,7,22,29
"2589",2018-10-18,"Portland Trail Blazers","Los Angeles Lakers",128,119,9,247,14,8,22
"2590",2018-10-17,"Charlotte Hornets","Milwaukee Bucks",112,113,-1,225,9,11,20
"2591",2018-10-17,"Detroit Pistons","Brooklyn Nets",103,100,3,203,14,5,19
"2592",2018-10-17,"Indiana Pacers","Memphis Grizzlies",111,83,28,194,13,7,20
"2593",2018-10-17,"Orlando Magic","Miami Heat",104,101,3,205,14,14,28
"2594",2018-10-17,"New York Knicks","Atlanta Hawks",126,107,19,233,10,7,17
"2595",2018-10-17,"Toronto Raptors","Cleveland Cavaliers",116,104,12,220,8,14,22
"2596",2018-10-17,"Houston Rockets","New Orleans Pelicans",112,131,-19,243,8,14,22
"2597",2018-10-17,"San Antonio Spurs","Minnesota Timberwolves",112,108,4,220,19,14,33
"2598",2018-10-17,"Sacramento Kings","Utah Jazz",117,123,-6,240,5,5,10
"2599",2018-10-17,"Los Angeles Clippers","Denver Nuggets",98,107,-9,205,9,14,23
"2600",2018-10-17,"Phoenix Suns","Dallas Mavericks",121,100,21,221,6,10,16
"2601",2018-10-16,"Boston Celtics","Philadelphia 76ers",105,87,18,192,12,6,18
"2602",2018-10-16,"Golden State Warriors","Oklahoma City Thunder",108,100,8,208,17,16,33
"2603",2018-10-12,"Orlando Magic","San Antonio Spurs",81,100,-19,181,9,9,18
"2604",2018-10-12,"Dallas Mavericks","Charlotte Hornets",118,123,-5,241,12,7,19
"2605",2018-10-12,"Cleveland Cavaliers","Detroit Pistons",110,129,-19,239,11,6,17
"2606",2018-10-12,"New York Knicks","Brooklyn Nets",107,113,-6,220,8,8,16
"2607",2018-10-12,"Miami Heat","Atlanta Hawks",119,113,6,232,12,10,22
"2608",2018-10-12,"Chicago Bulls","Denver Nuggets",93,98,-5,191,8,9,17
"2609",2018-10-12,"Memphis Grizzlies","Houston Rockets",103,121,-18,224,3,16,19
"2610",2018-10-12,"Milwaukee Bucks","Minnesota Timberwolves",143,121,22,264,12,11,23
"2611",2018-10-12,"Portland Trail Blazers","Sacramento Kings",118,115,3,233,9,6,15
"2612",2018-10-12,"Golden State Warriors","Los Angeles Lakers",105,119,-14,224,11,9,20
"2613",2018-10-11,"New Orleans Pelicans","Toronto Raptors",119,134,-15,253,17,6,23
"2614",2018-10-11,"Sacramento Kings","Utah Jazz",93,132,-39,225,10,6,16
"2615",2018-10-10,"Detroit Pistons","Washington Wizards",97,102,-5,199,13,7,20
"2616",2018-10-10,"Orlando Magic","Memphis Grizzlies",102,86,16,188,12,1,13
"2617",2018-10-10,"Toronto Raptors","Brooklyn Nets",118,91,27,209,8,10,18
"2618",2018-10-10,"Atlanta Hawks","San Antonio Spurs",130,127,3,257,9,7,16
"2619",2018-10-10,"Miami Heat","New Orleans Pelicans",140,128,12,268,16,4,20
"2620",2018-10-10,"Chicago Bulls","Indiana Pacers",104,89,15,193,14,16,30
"2621",2018-10-10,"Portland Trail Blazers","Phoenix Suns",116,83,33,199,7,9,16
"2622",2018-10-10,"Los Angeles Lakers","Golden State Warriors",123,113,10,236,9,15,24
"2623",2018-10-09,"Oklahoma City Thunder","Milwaukee Bucks",119,115,4,234,19,7,26
"2624",2018-10-09,"Los Angeles Clippers","Denver Nuggets",109,103,6,212,14,9,23
"2625",2018-10-08,"Philadelphia 76ers","Dallas Mavericks",112,115,-3,227,13,6,19
"2626",2018-10-08,"Charlotte Hornets","Chicago Bulls",110,104,6,214,6,4,10
"2627",2018-10-08,"Cleveland Cavaliers","Indiana Pacers",102,111,-9,213,8,8,16
"2628",2018-10-08,"Detroit Pistons","Brooklyn Nets",108,110,-2,218,22,14,36
"2629",2018-10-08,"Miami Heat","Orlando Magic",90,89,1,179,7,7,14
"2630",2018-10-08,"New York Knicks","Washington Wizards",98,110,-12,208,4,14,18
"2631",2018-10-08,"Golden State Warriors","Phoenix Suns",109,117,-8,226,9,12,21
"2632",2018-10-07,"Oklahoma City Thunder","Atlanta Hawks",113,94,19,207,15,10,25
"2633",2018-10-07,"San Antonio Spurs","Houston Rockets",93,108,-15,201,10,9,19
"2634",2018-10-07,"Minnesota Timberwolves","Milwaukee Bucks",107,125,-18,232,17,12,29
"2635",2018-10-07,"Portland Trail Blazers","Utah Jazz",112,123,-11,235,9,10,19
"2636",2018-10-06,"Cleveland Cavaliers","Boston Celtics",113,102,11,215,14,13,27
"2637",2018-10-06,"Memphis Grizzlies","Indiana Pacers",109,104,5,213,8,15,23
"2638",2018-10-06,"Los Angeles Lakers","Los Angeles Clippers",87,103,-16,190,11,16,27
"2639",2018-10-05,"Dallas Mavericks","Philadelphia 76ers",114,120,-6,234,10,12,22
"2640",2018-10-05,"Washington Wizards","Miami Heat",121,114,7,235,8,6,14
"2641",2018-10-05,"New York Knicks","New Orleans Pelicans",106,100,6,206,17,10,27
"2642",2018-10-05,"Memphis Grizzlies","Atlanta Hawks",120,110,10,230,8,10,18
"2643",2018-10-05,"Minnesota Timberwolves","Oklahoma City Thunder",101,113,-12,214,6,16,22
"2644",2018-10-05,"San Antonio Spurs","Detroit Pistons",117,93,24,210,8,11,19
"2645",2018-10-05,"Phoenix Suns","Portland Trail Blazers",93,115,-22,208,14,11,25
"2646",2018-10-05,"Golden State Warriors","Sacramento Kings",122,94,28,216,9,20,29
"2647",2018-10-04,"Houston Rockets","Indiana Pacers",100,110,-10,210,7,13,20
"2648",2018-10-04,"Los Angeles Lakers","Sacramento Kings",128,123,5,251,7,9,16
"2649",2018-10-03,"Brooklyn Nets","New York Knicks",102,107,-5,209,16,10,26
"2650",2018-10-03,"Milwaukee Bucks","Chicago Bulls",116,82,34,198,11,12,23
"2651",2018-10-03,"Oklahoma City Thunder","Detroit Pistons",91,97,-6,188,14,10,24
"2652",2018-10-03,"Los Angeles Clippers","Minnesota Timberwolves",128,101,27,229,7,9,16
"2653",2018-10-02,"Charlotte Hornets","Miami Heat",122,113,9,235,2,13,15
"2654",2018-10-02,"Boston Celtics","Cleveland Cavaliers",95,102,-7,197,7,13,20
"2655",2018-10-02,"Houston Rockets","Memphis Grizzlies",131,115,16,246,9,13,22
"2656",2018-10-02,"Utah Jazz","Toronto Raptors",105,90,15,195,6,14,20
"2657",2018-10-02,"Los Angeles Lakers","Denver Nuggets",111,113,-2,224,3,12,15
"2658",2018-10-01,"Philadelphia 76ers","Orlando Magic",120,114,6,234,13,5,18
"2659",2018-10-01,"Washington Wizards","New York Knicks",121,124,-3,245,13,9,22
"2660",2018-10-01,"Atlanta Hawks","New Orleans Pelicans",116,102,14,218,10,14,24
"2661",2018-10-01,"Phoenix Suns","Sacramento Kings",102,106,-4,208,11,9,20
"2662",2018-09-30,"San Antonio Spurs","Miami Heat",104,100,4,204,9,18,27
"2663",2018-09-30,"Boston Celtics","Charlotte Hornets",115,112,3,227,12,3,15
"2664",2018-09-30,"Chicago Bulls","New Orleans Pelicans",128,116,12,244,7,8,15
"2665",2018-09-30,"Los Angeles Lakers","Denver Nuggets",107,124,-17,231,7,13,20
"2666",2018-09-29,"Toronto Raptors","Portland Trail Blazers",122,104,18,226,12,11,23
"2667",2018-09-29,"Golden State Warriors","Minnesota Timberwolves",110,114,-4,224,7,11,18
"2668",2018-09-28,"Charlotte Hornets","Boston Celtics",104,97,7,201,12,11,23
"2669",2018-06-08,"Cleveland Cavaliers","Golden State Warriors",85,108,-23,193,17,10,27
"2670",2018-06-06,"Cleveland Cavaliers","Golden State Warriors",102,110,-8,212,15,6,21
"2671",2018-06-03,"Golden State Warriors","Cleveland Cavaliers",122,103,19,225,7,16,23
"2672",2018-05-31,"Golden State Warriors","Cleveland Cavaliers",124,114,10,238,4,19,23
"2673",2018-05-28,"Houston Rockets","Golden State Warriors",92,101,-9,193,17,11,28
"2674",2018-05-27,"Boston Celtics","Cleveland Cavaliers",79,87,-8,166,11,2,13
"2675",2018-05-26,"Golden State Warriors","Houston Rockets",115,86,29,201,13,7,20
"2676",2018-05-25,"Cleveland Cavaliers","Boston Celtics",109,99,10,208,15,5,20
"2677",2018-05-24,"Houston Rockets","Golden State Warriors",98,94,4,192,8,4,12
"2678",2018-05-23,"Boston Celtics","Cleveland Cavaliers",96,83,13,179,7,3,10
"2679",2018-05-22,"Golden State Warriors","Houston Rockets",92,95,-3,187,16,8,24
"2680",2018-05-21,"Cleveland Cavaliers","Boston Celtics",111,102,9,213,9,9,18
"2681",2018-05-20,"Golden State Warriors","Houston Rockets",126,85,41,211,11,10,21
"2682",2018-05-19,"Cleveland Cavaliers","Boston Celtics",116,86,30,202,8,6,14
"2683",2018-05-16,"Houston Rockets","Golden State Warriors",127,105,22,232,10,9,19
"2684",2018-05-15,"Boston Celtics","Cleveland Cavaliers",107,94,13,201,11,8,19
"2685",2018-05-14,"Houston Rockets","Golden State Warriors",106,119,-13,225,7,3,10
"2686",2018-05-13,"Boston Celtics","Cleveland Cavaliers",108,83,25,191,6,9,15
"2687",2018-05-09,"Boston Celtics","Philadelphia 76ers",114,112,2,226,13,12,25
"2688",2018-05-08,"Houston Rockets","Utah Jazz",112,102,10,214,6,11,17
"2689",2018-05-08,"Golden State Warriors","New Orleans Pelicans",113,104,9,217,11,4,15
"2690",2018-05-07,"Philadelphia 76ers","Boston Celtics",103,92,11,195,16,6,22
"2691",2018-05-07,"Cleveland Cavaliers","Toronto Raptors",128,93,35,221,6,9,15
"2692",2018-05-06,"New Orleans Pelicans","Golden State Warriors",92,118,-26,210,10,5,15
"2693",2018-05-06,"Utah Jazz","Houston Rockets",87,100,-13,187,8,9,17
"2694",2018-05-05,"Philadelphia 76ers","Boston Celtics",98,101,-3,199,13,9,22
"2695",2018-05-05,"Cleveland Cavaliers","Toronto Raptors",105,103,2,208,6,12,18
"2696",2018-05-04,"New Orleans Pelicans","Golden State Warriors",119,100,19,219,10,10,20
"2697",2018-05-04,"Utah Jazz","Houston Rockets",92,113,-21,205,5,3,8
"2698",2018-05-03,"Toronto Raptors","Cleveland Cavaliers",110,128,-18,238,5,5,10
"2699",2018-05-03,"Boston Celtics","Philadelphia 76ers",108,103,5,211,5,16,21
"2700",2018-05-02,"Houston Rockets","Utah Jazz",108,116,-8,224,11,5,16
"2701",2018-05-01,"Toronto Raptors","Cleveland Cavaliers",112,113,-1,225,15,13,28
"2702",2018-05-01,"Golden State Warriors","New Orleans Pelicans",121,116,5,237,7,10,17
"2703",2018-04-30,"Boston Celtics","Philadelphia 76ers",117,101,16,218,5,11,16
"2704",2018-04-29,"Cleveland Cavaliers","Indiana Pacers",105,101,4,206,15,10,25
"2705",2018-04-29,"Houston Rockets","Utah Jazz",110,96,14,206,8,6,14
"2706",2018-04-28,"Boston Celtics","Milwaukee Bucks",112,96,16,208,11,4,15
"2707",2018-04-28,"Golden State Warriors","New Orleans Pelicans",123,101,22,224,13,7,20
"2708",2018-04-27,"Washington Wizards","Toronto Raptors",92,102,-10,194,11,16,27
"2709",2018-04-27,"Indiana Pacers","Cleveland Cavaliers",121,87,34,208,9,7,16
"2710",2018-04-27,"Utah Jazz","Oklahoma City Thunder",96,91,5,187,11,15,26
"2711",2018-04-26,"Milwaukee Bucks","Boston Celtics",97,86,11,183,7,6,13
"2712",2018-04-25,"Toronto Raptors","Washington Wizards",108,98,10,206,6,14,20
"2713",2018-04-25,"Cleveland Cavaliers","Indiana Pacers",98,95,3,193,10,7,17
"2714",2018-04-25,"Houston Rockets","Minnesota Timberwolves",122,104,18,226,8,5,13
"2715",2018-04-25,"Oklahoma City Thunder","Utah Jazz",107,99,8,206,7,10,17
"2716",2018-04-24,"Boston Celtics","Milwaukee Bucks",92,87,5,179,5,7,12
"2717",2018-04-24,"Philadelphia 76ers","Miami Heat",104,91,13,195,9,10,19
"2718",2018-04-24,"Golden State Warriors","San Antonio Spurs",99,91,8,190,8,13,21
"2719",2018-04-23,"Minnesota Timberwolves","Houston Rockets",100,119,-19,219,10,10,20
"2720",2018-04-23,"Utah Jazz","Oklahoma City Thunder",113,96,17,209,10,9,19
"2721",2018-04-22,"Milwaukee Bucks","Boston Celtics",104,102,2,206,2,16,18
"2722",2018-04-22,"San Antonio Spurs","Golden State Warriors",103,90,13,193,7,24,31
"2723",2018-04-22,"Washington Wizards","Toronto Raptors",106,98,8,204,9,9,18
"2724",2018-04-22,"Indiana Pacers","Cleveland Cavaliers",100,104,-4,204,11,8,19
"2725",2018-04-21,"Miami Heat","Philadelphia 76ers",102,106,-4,208,13,17,30
"2726",2018-04-21,"New Orleans Pelicans","Portland Trail Blazers",131,123,8,254,7,6,13
"2727",2018-04-21,"Minnesota Timberwolves","Houston Rockets",121,105,16,226,8,7,15
"2728",2018-04-21,"Utah Jazz","Oklahoma City Thunder",115,102,13,217,13,6,19
"2729",2018-04-20,"Indiana Pacers","Cleveland Cavaliers",92,90,2,182,7,9,16
"2730",2018-04-20,"Washington Wizards","Toronto Raptors",122,103,19,225,7,8,15
"2731",2018-04-20,"Milwaukee Bucks","Boston Celtics",116,92,24,208,7,17,24
"2732",2018-04-19,"Miami Heat","Philadelphia 76ers",108,128,-20,236,5,6,11
"2733",2018-04-19,"New Orleans Pelicans","Portland Trail Blazers",119,102,17,221,6,11,17
"2734",2018-04-19,"San Antonio Spurs","Golden State Warriors",97,110,-13,207,10,4,14
"2735",2018-04-18,"Cleveland Cavaliers","Indiana Pacers",100,97,3,197,6,5,11
"2736",2018-04-18,"Oklahoma City Thunder","Utah Jazz",95,102,-7,197,10,15,25
"2737",2018-04-18,"Houston Rockets","Minnesota Timberwolves",102,82,20,184,12,9,21
"2738",2018-04-17,"Toronto Raptors","Washington Wizards",130,119,11,249,9,4,13
"2739",2018-04-17,"Boston Celtics","Milwaukee Bucks",120,106,14,226,9,7,16
"2740",2018-04-17,"Portland Trail Blazers","New Orleans Pelicans",102,111,-9,213,13,10,23
"2741",2018-04-16,"Philadelphia 76ers","Miami Heat",103,113,-10,216,17,11,28
"2742",2018-04-16,"Golden State Warriors","San Antonio Spurs",116,101,15,217,6,9,15
"2743",2018-04-15,"Boston Celtics","Milwaukee Bucks",113,107,6,220,11,5,16
"2744",2018-04-15,"Cleveland Cavaliers","Indiana Pacers",80,98,-18,178,9,8,17
"2745",2018-04-15,"Oklahoma City Thunder","Utah Jazz",116,108,8,224,9,9,18
"2746",2018-04-15,"Houston Rockets","Minnesota Timberwolves",104,101,3,205,8,11,19
"2747",2018-04-14,"Golden State Warriors","San Antonio Spurs",113,92,21,205,10,3,13
"2748",2018-04-14,"Toronto Raptors","Washington Wizards",114,106,8,220,5,6,11
"2749",2018-04-14,"Philadelphia 76ers","Miami Heat",130,103,27,233,17,9,26
"2750",2018-04-14,"Portland Trail Blazers","New Orleans Pelicans",95,97,-2,192,15,7,22
"2751",2018-04-11,"Boston Celtics","Brooklyn Nets",110,97,13,207,20,10,30
"2752",2018-04-11,"Cleveland Cavaliers","New York Knicks",98,110,-12,208,17,8,25
"2753",2018-04-11,"Miami Heat","Toronto Raptors",116,109,7,225,19,9,28
"2754",2018-04-11,"Orlando Magic","Washington Wizards",101,92,9,193,6,18,24
"2755",2018-04-11,"Philadelphia 76ers","Milwaukee Bucks",130,95,35,225,17,10,27
"2756",2018-04-11,"Chicago Bulls","Detroit Pistons",87,119,-32,206,12,7,19
"2757",2018-04-11,"Minnesota Timberwolves","Denver Nuggets",112,106,6,218,8,10,18
"2758",2018-04-11,"New Orleans Pelicans","San Antonio Spurs",122,98,24,220,11,12,23
"2759",2018-04-11,"Oklahoma City Thunder","Memphis Grizzlies",137,123,14,260,8,9,17
"2760",2018-04-11,"Los Angeles Clippers","Los Angeles Lakers",100,115,-15,215,8,10,18
"2761",2018-04-11,"Portland Trail Blazers","Utah Jazz",102,93,9,195,7,14,21
"2762",2018-04-11,"Sacramento Kings","Houston Rockets",96,83,13,179,6,8,14
"2763",2018-04-10,"Indiana Pacers","Charlotte Hornets",93,119,-26,212,13,13,26
"2764",2018-04-10,"Atlanta Hawks","Philadelphia 76ers",113,121,-8,234,8,11,19
"2765",2018-04-10,"Washington Wizards","Boston Celtics",113,101,12,214,10,13,23
"2766",2018-04-10,"Dallas Mavericks","Phoenix Suns",97,124,-27,221,18,5,23
"2767",2018-04-10,"Utah Jazz","Golden State Warriors",119,79,40,198,12,9,21
"2768",2018-04-10,"Los Angeles Lakers","Houston Rockets",99,105,-6,204,9,8,17
"2769",2018-04-09,"Detroit Pistons","Toronto Raptors",98,108,-10,206,4,8,12
"2770",2018-04-09,"Brooklyn Nets","Chicago Bulls",114,105,9,219,6,10,16
"2771",2018-04-09,"Miami Heat","Oklahoma City Thunder",93,115,-22,208,8,7,15
"2772",2018-04-09,"New York Knicks","Cleveland Cavaliers",109,123,-14,232,8,7,15
"2773",2018-04-09,"Milwaukee Bucks","Orlando Magic",102,86,16,188,12,5,17
"2774",2018-04-09,"Minnesota Timberwolves","Memphis Grizzlies",113,94,19,207,18,10,28
"2775",2018-04-09,"San Antonio Spurs","Sacramento Kings",98,85,13,183,11,12,23
"2776",2018-04-09,"Denver Nuggets","Portland Trail Blazers",88,82,6,170,10,18,28
"2777",2018-04-09,"Los Angeles Clippers","New Orleans Pelicans",100,113,-13,213,17,9,26
"2778",2018-04-08,"Charlotte Hornets","Indiana Pacers",117,123,-6,240,5,7,12
"2779",2018-04-08,"Philadelphia 76ers","Dallas Mavericks",109,97,12,206,9,10,19
"2780",2018-04-08,"Boston Celtics","Atlanta Hawks",106,112,-6,218,10,5,15
"2781",2018-04-08,"Memphis Grizzlies","Detroit Pistons",130,117,13,247,8,14,22
"2782",2018-04-08,"Toronto Raptors","Orlando Magic",112,101,11,213,6,6,12
"2783",2018-04-08,"Los Angeles Lakers","Utah Jazz",97,112,-15,209,12,7,19
"2784",2018-04-08,"Phoenix Suns","Golden State Warriors",100,117,-17,217,8,5,13
"2785",2018-04-07,"Los Angeles Clippers","Denver Nuggets",115,134,-19,249,15,7,22
"2786",2018-04-07,"New York Knicks","Milwaukee Bucks",102,115,-13,217,13,12,25
"2787",2018-04-07,"Chicago Bulls","Brooklyn Nets",96,124,-28,220,4,5,9
"2788",2018-04-07,"Houston Rockets","Oklahoma City Thunder",102,108,-6,210,6,15,21
"2789",2018-04-07,"Golden State Warriors","New Orleans Pelicans",120,126,-6,246,8,4,12
"2790",2018-04-07,"San Antonio Spurs","Portland Trail Blazers",116,105,11,221,4,11,15
"2791",2018-04-06,"Detroit Pistons","Dallas Mavericks",113,106,7,219,6,10,16
"2792",2018-04-06,"Orlando Magic","Charlotte Hornets",100,137,-37,237,12,9,21
"2793",2018-04-06,"Philadelphia 76ers","Cleveland Cavaliers",132,130,2,262,11,8,19
"2794",2018-04-06,"Washington Wizards","Atlanta Hawks",97,103,-6,200,9,7,16
"2795",2018-04-06,"Boston Celtics","Chicago Bulls",111,104,7,215,6,9,15
"2796",2018-04-06,"New York Knicks","Miami Heat",122,98,24,220,9,7,16
"2797",2018-04-06,"Toronto Raptors","Indiana Pacers",92,73,19,165,9,12,21
"2798",2018-04-06,"Memphis Grizzlies","Sacramento Kings",93,94,-1,187,12,10,22
"2799",2018-04-06,"Phoenix Suns","New Orleans Pelicans",103,122,-19,225,12,13,25
"2800",2018-04-06,"Los Angeles Lakers","Minnesota Timberwolves",96,113,-17,209,13,18,31
"2801",2018-04-05,"Indiana Pacers","Golden State Warriors",126,106,20,232,13,13,26
"2802",2018-04-05,"Cleveland Cavaliers","Washington Wizards",119,115,4,234,5,12,17
"2803",2018-04-05,"Houston Rockets","Portland Trail Blazers",96,94,2,190,6,12,18
"2804",2018-04-05,"Milwaukee Bucks","Brooklyn Nets",111,119,-8,230,12,4,16
"2805",2018-04-05,"Utah Jazz","Los Angeles Clippers",117,95,22,212,10,11,21
"2806",2018-04-05,"Denver Nuggets","Minnesota Timberwolves",100,96,4,196,13,12,25
"2807",2018-04-04,"Detroit Pistons","Philadelphia 76ers",108,115,-7,223,9,7,16
"2808",2018-04-04,"Orlando Magic","Dallas Mavericks",105,100,5,205,12,11,23
"2809",2018-04-04,"Atlanta Hawks","Miami Heat",86,115,-29,201,10,10,20
"2810",2018-04-04,"Toronto Raptors","Boston Celtics",96,78,18,174,12,8,20
"2811",2018-04-04,"New Orleans Pelicans","Memphis Grizzlies",123,95,28,218,11,11,22
"2812",2018-04-04,"Los Angeles Lakers","San Antonio Spurs",122,112,10,234,4,15,19
"2813",2018-04-03,"Cleveland Cavaliers","Toronto Raptors",112,106,6,218,2,9,11
"2814",2018-04-03,"Philadelphia 76ers","Brooklyn Nets",121,95,26,216,7,3,10
"2815",2018-04-03,"Miami Heat","Atlanta Hawks",101,98,3,199,11,12,23
"2816",2018-04-03,"New York Knicks","Orlando Magic",73,97,-24,170,7,11,18
"2817",2018-04-03,"Chicago Bulls","Charlotte Hornets",120,114,6,234,11,10,21
"2818",2018-04-03,"Houston Rockets","Washington Wizards",120,104,16,224,10,3,13
"2819",2018-04-03,"Milwaukee Bucks","Boston Celtics",106,102,4,208,9,10,19
"2820",2018-04-03,"Oklahoma City Thunder","Golden State Warriors",107,111,-4,218,22,6,28
"2821",2018-04-03,"Dallas Mavericks","Portland Trail Blazers",115,109,6,224,8,5,13
"2822",2018-04-03,"Denver Nuggets","Indiana Pacers",107,104,3,211,13,6,19
"2823",2018-04-03,"Utah Jazz","Los Angeles Lakers",117,110,7,227,14,7,21
"2824",2018-04-03,"Phoenix Suns","Sacramento Kings",97,94,3,191,6,10,16
"2825",2018-04-03,"Los Angeles Clippers","San Antonio Spurs",113,110,3,223,12,10,22
"2826",2018-04-01,"Charlotte Hornets","Philadelphia 76ers",102,119,-17,221,9,7,16
"2827",2018-04-01,"Chicago Bulls","Washington Wizards",113,94,19,207,6,6,12
"2828",2018-04-01,"San Antonio Spurs","Houston Rockets",100,83,17,183,8,8,16
"2829",2018-04-01,"Los Angeles Clippers","Indiana Pacers",104,111,-7,215,12,15,27
"2830",2018-04-01,"Atlanta Hawks","Orlando Magic",94,88,6,182,5,11,16
"2831",2018-04-01,"Brooklyn Nets","Detroit Pistons",96,108,-12,204,6,10,16
"2832",2018-04-01,"Cleveland Cavaliers","Dallas Mavericks",98,87,11,185,10,4,14
"2833",2018-04-01,"New Orleans Pelicans","Oklahoma City Thunder",104,109,-5,213,7,14,21
"2834",2018-04-01,"Minnesota Timberwolves","Utah Jazz",97,121,-24,218,7,6,13
"2835",2018-04-01,"Denver Nuggets","Milwaukee Bucks",128,125,3,253,17,11,28
"2836",2018-04-01,"Golden State Warriors","Phoenix Suns",117,107,10,224,7,9,16
"2837",2018-04-01,"Portland Trail Blazers","Memphis Grizzlies",113,98,15,211,8,9,17
"2838",2018-04-01,"Los Angeles Lakers","Sacramento Kings",83,84,-1,167,10,13,23
"2839",2018-03-31,"Washington Wizards","Charlotte Hornets",107,93,14,200,11,9,20
"2840",2018-03-31,"New York Knicks","Detroit Pistons",109,115,-6,224,9,10,19
"2841",2018-03-31,"Boston Celtics","Toronto Raptors",110,99,11,209,8,9,17
"2842",2018-03-31,"Miami Heat","Brooklyn Nets",109,110,-1,219,10,7,17
"2843",2018-03-31,"Sacramento Kings","Golden State Warriors",96,112,-16,208,11,6,17
"2844",2018-03-30,"Orlando Magic","Chicago Bulls",82,90,-8,172,12,11,23
"2845",2018-03-30,"Atlanta Hawks","Philadelphia 76ers",91,101,-10,192,15,9,24
"2846",2018-03-30,"Cleveland Cavaliers","New Orleans Pelicans",107,102,5,209,9,7,16
"2847",2018-03-30,"Houston Rockets","Phoenix Suns",104,103,1,207,8,8,16
"2848",2018-03-30,"Oklahoma City Thunder","Denver Nuggets",125,126,-1,251,18,12,30
"2849",2018-03-30,"Dallas Mavericks","Minnesota Timberwolves",92,93,-1,185,6,6,12
"2850",2018-03-30,"Utah Jazz","Memphis Grizzlies",107,97,10,204,7,7,14
"2851",2018-03-30,"Los Angeles Lakers","Milwaukee Bucks",122,124,-2,246,15,8,23
"2852",2018-03-30,"Portland Trail Blazers","Los Angeles Clippers",105,96,9,201,13,11,24
"2853",2018-03-29,"Detroit Pistons","Washington Wizards",103,92,11,195,10,12,22
"2854",2018-03-29,"Miami Heat","Chicago Bulls",103,92,11,195,7,14,21
"2855",2018-03-29,"San Antonio Spurs","Oklahoma City Thunder",103,99,4,202,14,10,24
"2856",2018-03-29,"Sacramento Kings","Indiana Pacers",103,106,-3,209,6,7,13
"2857",2018-03-29,"Golden State Warriors","Milwaukee Bucks",107,116,-9,223,2,7,9
"2858",2018-03-28,"Charlotte Hornets","Cleveland Cavaliers",105,118,-13,223,6,11,17
"2859",2018-03-28,"Orlando Magic","Brooklyn Nets",104,111,-7,215,11,11,22
"2860",2018-03-28,"Philadelphia 76ers","New York Knicks",118,101,17,219,14,10,24
"2861",2018-03-28,"Memphis Grizzlies","Portland Trail Blazers",108,103,5,211,11,8,19
"2862",2018-03-28,"Minnesota Timberwolves","Atlanta Hawks",126,114,12,240,7,4,11
"2863",2018-03-28,"Utah Jazz","Boston Celtics",94,97,-3,191,12,11,23
"2864",2018-03-28,"Phoenix Suns","Los Angeles Clippers",99,111,-12,210,9,11,20
"2865",2018-03-28,"Los Angeles Lakers","Dallas Mavericks",103,93,10,196,7,6,13
"2866",2018-03-27,"Washington Wizards","San Antonio Spurs",116,106,10,222,10,10,20
"2867",2018-03-27,"Toronto Raptors","Denver Nuggets",114,110,4,224,9,10,19
"2868",2018-03-27,"Miami Heat","Cleveland Cavaliers",98,79,19,177,9,12,21
"2869",2018-03-27,"Houston Rockets","Chicago Bulls",118,86,32,204,9,13,22
"2870",2018-03-27,"New Orleans Pelicans","Portland Trail Blazers",103,107,-4,210,11,17,28
"2871",2018-03-27,"Sacramento Kings","Dallas Mavericks",97,103,-6,200,10,4,14
"2872",2018-03-27,"Golden State Warriors","Indiana Pacers",81,92,-11,173,17,8,25
"2873",2018-03-27,"Los Angeles Clippers","Milwaukee Bucks",105,98,7,203,8,8,16
"2874",2018-03-26,"Charlotte Hornets","New York Knicks",137,128,9,265,11,11,22
"2875",2018-03-26,"Detroit Pistons","Los Angeles Lakers",112,106,6,218,10,6,16
"2876",2018-03-26,"Philadelphia 76ers","Denver Nuggets",123,104,19,227,14,9,23
"2877",2018-03-26,"Minnesota Timberwolves","Memphis Grizzlies",93,101,-8,194,7,7,14
"2878",2018-03-26,"Phoenix Suns","Boston Celtics",94,102,-8,196,11,10,21
"2879",2018-03-25,"Brooklyn Nets","Cleveland Cavaliers",114,121,-7,235,7,11,18
"2880",2018-03-25,"Milwaukee Bucks","San Antonio Spurs",106,103,3,209,9,20,29
"2881",2018-03-25,"Indiana Pacers","Miami Heat",113,107,6,220,10,7,17
"2882",2018-03-25,"Toronto Raptors","Los Angeles Clippers",106,117,-11,223,13,12,25
"2883",2018-03-25,"Washington Wizards","New York Knicks",97,101,-4,198,14,10,24
"2884",2018-03-25,"Sacramento Kings","Boston Celtics",93,104,-11,197,7,3,10
"2885",2018-03-25,"Oklahoma City Thunder","Portland Trail Blazers",105,108,-3,213,13,18,31
"2886",2018-03-25,"Houston Rockets","Atlanta Hawks",118,99,19,217,6,7,13
"2887",2018-03-25,"Golden State Warriors","Utah Jazz",91,110,-19,201,14,11,25
"2888",2018-03-24,"Philadelphia 76ers","Minnesota Timberwolves",120,108,12,228,7,13,20
"2889",2018-03-24,"Detroit Pistons","Chicago Bulls",117,95,22,212,12,14,26
"2890",2018-03-24,"Orlando Magic","Phoenix Suns",105,99,6,204,14,10,24
"2891",2018-03-24,"Houston Rockets","New Orleans Pelicans",114,91,23,205,5,12,17
"2892",2018-03-24,"Memphis Grizzlies","Los Angeles Lakers",93,100,-7,193,11,11,22
"2893",2018-03-24,"Dallas Mavericks","Charlotte Hornets",98,102,-4,200,5,13,18
"2894",2018-03-23,"Indiana Pacers","Los Angeles Clippers",109,104,5,213,14,5,19
"2895",2018-03-23,"Washington Wizards","Denver Nuggets",100,108,-8,208,8,7,15
"2896",2018-03-23,"Cleveland Cavaliers","Phoenix Suns",120,95,25,215,15,7,22
"2897",2018-03-23,"New York Knicks","Minnesota Timberwolves",104,108,-4,212,10,6,16
"2898",2018-03-23,"Toronto Raptors","Brooklyn Nets",116,112,4,228,5,5,10
"2899",2018-03-23,"Chicago Bulls","Milwaukee Bucks",105,118,-13,223,17,7,24
"2900",2018-03-23,"Oklahoma City Thunder","Miami Heat",105,99,6,204,12,8,20
"2901",2018-03-23,"San Antonio Spurs","Utah Jazz",124,120,4,244,11,5,16
"2902",2018-03-23,"Portland Trail Blazers","Boston Celtics",100,105,-5,205,11,9,20
"2903",2018-03-23,"Golden State Warriors","Atlanta Hawks",106,94,12,200,10,5,15
"2904",2018-03-22,"Charlotte Hornets","Memphis Grizzlies",140,79,61,219,11,9,20
"2905",2018-03-22,"Orlando Magic","Philadelphia 76ers",98,118,-20,216,7,11,18
"2906",2018-03-22,"Houston Rockets","Detroit Pistons",100,96,4,196,12,16,28
"2907",2018-03-22,"New Orleans Pelicans","Los Angeles Lakers",128,125,3,253,8,7,15
"2908",2018-03-22,"Dallas Mavericks","Utah Jazz",112,119,-7,231,8,8,16
"2909",2018-03-22,"Sacramento Kings","Atlanta Hawks",105,90,15,195,12,6,18
"2910",2018-03-21,"Cleveland Cavaliers","Toronto Raptors",132,129,3,261,4,10,14
"2911",2018-03-21,"Philadelphia 76ers","Memphis Grizzlies",119,105,14,224,4,15,19
"2912",2018-03-21,"Brooklyn Nets","Charlotte Hornets",105,111,-6,216,10,23,33
"2913",2018-03-21,"Miami Heat","New York Knicks",119,98,21,217,5,13,18
"2914",2018-03-21,"New Orleans Pelicans","Indiana Pacers",96,92,4,188,10,15,25
"2915",2018-03-21,"Chicago Bulls","Denver Nuggets",102,135,-33,237,9,8,17
"2916",2018-03-21,"Milwaukee Bucks","Los Angeles Clippers",120,127,-7,247,8,16,24
"2917",2018-03-21,"San Antonio Spurs","Washington Wizards",98,90,8,188,12,9,21
"2918",2018-03-20,"Orlando Magic","Toronto Raptors",86,93,-7,179,10,6,16
"2919",2018-03-20,"Boston Celtics","Oklahoma City Thunder",100,99,1,199,11,8,19
"2920",2018-03-20,"Minnesota Timberwolves","Los Angeles Clippers",123,109,14,232,6,11,17
"2921",2018-03-20,"New Orleans Pelicans","Dallas Mavericks",115,105,10,220,9,9,18
"2922",2018-03-20,"Utah Jazz","Atlanta Hawks",94,99,-5,193,12,11,23
"2923",2018-03-20,"Phoenix Suns","Detroit Pistons",88,115,-27,203,12,12,24
"2924",2018-03-20,"Portland Trail Blazers","Houston Rockets",111,115,-4,226,10,7,17
"2925",2018-03-19,"Cleveland Cavaliers","Milwaukee Bucks",124,117,7,241,12,8,20
"2926",2018-03-19,"Indiana Pacers","Los Angeles Lakers",110,100,10,210,9,14,23
"2927",2018-03-19,"Philadelphia 76ers","Charlotte Hornets",108,94,14,202,17,6,23
"2928",2018-03-19,"Brooklyn Nets","Memphis Grizzlies",118,115,3,233,9,11,20
"2929",2018-03-19,"Miami Heat","Denver Nuggets",149,141,8,290,7,11,18
"2930",2018-03-19,"New York Knicks","Chicago Bulls",110,92,18,202,15,14,29
"2931",2018-03-19,"San Antonio Spurs","Golden State Warriors",89,75,14,164,11,2,13
"2932",2018-03-19,"Sacramento Kings","Detroit Pistons",90,106,-16,196,8,6,14
"2933",2018-03-18,"Toronto Raptors","Oklahoma City Thunder",125,132,-7,257,8,14,22
"2934",2018-03-18,"New Orleans Pelicans","Boston Celtics",108,89,19,197,5,9,14
"2935",2018-03-18,"Minnesota Timberwolves","Houston Rockets",120,129,-9,249,14,8,22
"2936",2018-03-18,"Los Angeles Clippers","Portland Trail Blazers",109,122,-13,231,8,8,16
"2937",2018-03-17,"Milwaukee Bucks","Atlanta Hawks",122,117,5,239,9,8,17
"2938",2018-03-17,"Washington Wizards","Indiana Pacers",109,102,7,211,6,10,16
"2939",2018-03-17,"New Orleans Pelicans","Houston Rockets",101,107,-6,208,6,13,19
"2940",2018-03-17,"Brooklyn Nets","Dallas Mavericks",114,106,8,220,10,13,23
"2941",2018-03-17,"New York Knicks","Charlotte Hornets",124,101,23,225,12,13,25
"2942",2018-03-17,"Chicago Bulls","Cleveland Cavaliers",109,114,-5,223,11,11,22
"2943",2018-03-17,"Memphis Grizzlies","Denver Nuggets",101,94,7,195,14,18,32
"2944",2018-03-17,"San Antonio Spurs","Minnesota Timberwolves",117,101,16,218,14,10,24
"2945",2018-03-17,"Utah Jazz","Sacramento Kings",103,97,6,200,8,3,11
"2946",2018-03-17,"Phoenix Suns","Golden State Warriors",109,124,-15,233,9,9,18
"2947",2018-03-17,"Portland Trail Blazers","Detroit Pistons",100,87,13,187,9,8,17
"2948",2018-03-16,"Orlando Magic","Boston Celtics",83,92,-9,175,7,16,23
"2949",2018-03-16,"Philadelphia 76ers","Brooklyn Nets",120,116,4,236,13,11,24
"2950",2018-03-16,"Toronto Raptors","Dallas Mavericks",122,115,7,237,12,6,18
"2951",2018-03-16,"Oklahoma City Thunder","Los Angeles Clippers",121,113,8,234,17,16,33
"2952",2018-03-16,"Golden State Warriors","Sacramento Kings",93,98,-5,191,9,11,20
"2953",2018-03-16,"Los Angeles Lakers","Miami Heat",91,92,-1,183,7,12,19
"2954",2018-03-15,"Indiana Pacers","Toronto Raptors",99,106,-7,205,11,18,29
"2955",2018-03-15,"Atlanta Hawks","Charlotte Hornets",117,129,-12,246,6,6,12
"2956",2018-03-15,"New York Knicks","Philadelphia 76ers",110,118,-8,228,8,19,27
"2957",2018-03-15,"Houston Rockets","Los Angeles Clippers",101,96,5,197,16,11,27
"2958",2018-03-15,"Memphis Grizzlies","Chicago Bulls",110,111,-1,221,11,8,19
"2959",2018-03-15,"San Antonio Spurs","New Orleans Pelicans",98,93,5,191,15,12,27
"2960",2018-03-15,"Denver Nuggets","Detroit Pistons",120,113,7,233,10,9,19
"2961",2018-03-15,"Utah Jazz","Phoenix Suns",116,88,28,204,14,9,23
"2962",2018-03-15,"Portland Trail Blazers","Cleveland Cavaliers",113,105,8,218,13,2,15
"2963",2018-03-14,"Orlando Magic","Milwaukee Bucks",126,117,9,243,9,9,18
"2964",2018-03-14,"Boston Celtics","Washington Wizards",124,125,-1,249,10,13,23
"2965",2018-03-14,"Sacramento Kings","Miami Heat",123,119,4,242,8,15,23
"2966",2018-03-14,"Golden State Warriors","Los Angeles Lakers",117,106,11,223,11,7,18
"2967",2018-03-13,"Philadelphia 76ers","Indiana Pacers",98,101,-3,199,7,14,21
"2968",2018-03-13,"Washington Wizards","Minnesota Timberwolves",111,116,-5,227,14,11,25
"2969",2018-03-13,"Atlanta Hawks","Oklahoma City Thunder",107,119,-12,226,13,9,22
"2970",2018-03-13,"Brooklyn Nets","Toronto Raptors",102,116,-14,218,9,13,22
"2971",2018-03-13,"New York Knicks","Dallas Mavericks",97,110,-13,207,10,12,22
"2972",2018-03-13,"Chicago Bulls","Los Angeles Clippers",106,112,-6,218,11,6,17
"2973",2018-03-13,"New Orleans Pelicans","Charlotte Hornets",119,115,4,234,14,8,22
"2974",2018-03-13,"San Antonio Spurs","Orlando Magic",108,72,36,180,11,9,20
"2975",2018-03-13,"Utah Jazz","Detroit Pistons",110,79,31,189,11,8,19
"2976",2018-03-13,"Phoenix Suns","Cleveland Cavaliers",107,129,-22,236,11,5,16
"2977",2018-03-13,"Los Angeles Lakers","Denver Nuggets",112,103,9,215,12,5,17
"2978",2018-03-12,"Houston Rockets","San Antonio Spurs",109,93,16,202,9,7,16
"2979",2018-03-12,"Memphis Grizzlies","Milwaukee Bucks",103,121,-18,224,10,11,21
"2980",2018-03-12,"Oklahoma City Thunder","Sacramento Kings",106,101,5,207,5,13,18
"2981",2018-03-12,"Portland Trail Blazers","Miami Heat",115,99,16,214,9,10,19
"2982",2018-03-11,"New York Knicks","Toronto Raptors",106,132,-26,238,8,14,22
"2983",2018-03-11,"Atlanta Hawks","Chicago Bulls",122,129,-7,251,5,13,18
"2984",2018-03-11,"Minnesota Timberwolves","Golden State Warriors",109,103,6,212,13,12,25
"2985",2018-03-11,"New Orleans Pelicans","Utah Jazz",99,116,-17,215,10,17,27
"2986",2018-03-11,"Denver Nuggets","Sacramento Kings",130,104,26,234,8,7,15
"2987",2018-03-11,"Dallas Mavericks","Houston Rockets",82,105,-23,187,17,6,23
"2988",2018-03-11,"Boston Celtics","Indiana Pacers",97,99,-2,196,10,6,16
"2989",2018-03-11,"Brooklyn Nets","Philadelphia 76ers",97,120,-23,217,13,12,25
"2990",2018-03-11,"Los Angeles Lakers","Cleveland Cavaliers",127,113,14,240,14,7,21
"2991",2018-03-10,"Charlotte Hornets","Phoenix Suns",122,115,7,237,7,5,12
"2992",2018-03-10,"Miami Heat","Washington Wizards",129,102,27,231,5,8,13
"2993",2018-03-10,"Dallas Mavericks","Memphis Grizzlies",114,80,34,194,9,9,18
"2994",2018-03-10,"Oklahoma City Thunder","San Antonio Spurs",104,94,10,198,11,6,17
"2995",2018-03-10,"Los Angeles Clippers","Orlando Magic",113,105,8,218,8,9,17
"2996",2018-03-09,"Detroit Pistons","Chicago Bulls",99,83,16,182,11,10,21
"2997",2018-03-09,"Indiana Pacers","Atlanta Hawks",112,87,25,199,9,6,15
"2998",2018-03-09,"Toronto Raptors","Houston Rockets",108,105,3,213,12,7,19
"2999",2018-03-09,"Memphis Grizzlies","Utah Jazz",78,95,-17,173,10,8,18
"3000",2018-03-09,"Milwaukee Bucks","New York Knicks",120,112,8,232,6,11,17
"3001",2018-03-09,"New Orleans Pelicans","Washington Wizards",97,116,-19,213,2,10,12
"3002",2018-03-09,"Denver Nuggets","Los Angeles Lakers",125,116,9,241,7,12,19
"3003",2018-03-09,"Portland Trail Blazers","Golden State Warriors",125,108,17,233,14,6,20
"3004",2018-03-09,"Sacramento Kings","Orlando Magic",94,88,6,182,13,5,18
"3005",2018-03-09,"Los Angeles Clippers","Cleveland Cavaliers",116,102,14,218,13,8,21
"3006",2018-03-08,"Charlotte Hornets","Brooklyn Nets",111,125,-14,236,6,9,15
"3007",2018-03-08,"Miami Heat","Philadelphia 76ers",108,99,9,207,6,9,15
"3008",2018-03-08,"Minnesota Timberwolves","Boston Celtics",109,117,-8,226,13,9,22
"3009",2018-03-08,"Oklahoma City Thunder","Phoenix Suns",115,87,28,202,6,7,13
"3010",2018-03-08,"Golden State Warriors","San Antonio Spurs",110,107,3,217,12,10,22
"3011",2018-03-07,"Indiana Pacers","Utah Jazz",84,104,-20,188,14,7,21
"3012",2018-03-07,"Detroit Pistons","Toronto Raptors",119,121,-2,240,9,11,20
"3013",2018-03-07,"Chicago Bulls","Memphis Grizzlies",119,110,9,229,9,9,18
"3014",2018-03-07,"Milwaukee Bucks","Houston Rockets",99,110,-11,209,6,12,18
"3015",2018-03-07,"Sacramento Kings","New Orleans Pelicans",101,114,-13,215,14,5,19
"3016",2018-03-07,"Denver Nuggets","Cleveland Cavaliers",108,113,-5,221,14,7,21
"3017",2018-03-07,"Los Angeles Lakers","Orlando Magic",108,107,1,215,7,8,15
"3018",2018-03-06,"Charlotte Hornets","Philadelphia 76ers",114,128,-14,242,8,10,18
"3019",2018-03-06,"Toronto Raptors","Atlanta Hawks",106,90,16,196,17,12,29
"3020",2018-03-06,"Washington Wizards","Miami Heat",117,113,4,230,8,13,21
"3021",2018-03-06,"Oklahoma City Thunder","Houston Rockets",112,122,-10,234,12,7,19
"3022",2018-03-06,"Dallas Mavericks","Denver Nuggets",118,107,11,225,9,11,20
"3023",2018-03-06,"Portland Trail Blazers","New York Knicks",111,87,24,198,15,9,24
"3024",2018-03-06,"Golden State Warriors","Brooklyn Nets",114,101,13,215,5,10,15
"3025",2018-03-06,"Los Angeles Clippers","New Orleans Pelicans",116,121,-5,237,10,9,19
"3026",2018-03-05,"Cleveland Cavaliers","Detroit Pistons",112,90,22,202,11,8,19
"3027",2018-03-05,"Indiana Pacers","Milwaukee Bucks",92,89,3,181,8,8,16
"3028",2018-03-05,"Miami Heat","Phoenix Suns",125,103,22,228,16,12,28
"3029",2018-03-05,"Chicago Bulls","Boston Celtics",89,105,-16,194,7,12,19
"3030",2018-03-05,"San Antonio Spurs","Memphis Grizzlies",100,98,2,198,4,6,10
"3031",2018-03-05,"Utah Jazz","Orlando Magic",94,80,14,174,6,6,12
"3032",2018-03-05,"Los Angeles Lakers","Portland Trail Blazers",103,108,-5,211,7,7,14
"3033",2018-03-04,"Atlanta Hawks","Phoenix Suns",113,112,1,225,9,5,14
"3034",2018-03-04,"Toronto Raptors","Charlotte Hornets",103,98,5,201,9,9,18
"3035",2018-03-04,"Washington Wizards","Indiana Pacers",95,98,-3,193,10,11,21
"3036",2018-03-04,"Dallas Mavericks","New Orleans Pelicans",109,126,-17,235,10,6,16
"3037",2018-03-04,"Milwaukee Bucks","Philadelphia 76ers",118,110,8,228,16,6,22
"3038",2018-03-04,"Los Angeles Clippers","Brooklyn Nets",123,120,3,243,7,13,20
"3039",2018-03-04,"Sacramento Kings","New York Knicks",102,99,3,201,7,15,22
"3040",2018-03-03,"Orlando Magic","Memphis Grizzlies",107,100,7,207,5,13,18
"3041",2018-03-03,"Cleveland Cavaliers","Denver Nuggets",117,126,-9,243,12,6,18
"3042",2018-03-03,"Miami Heat","Detroit Pistons",105,96,9,201,15,17,32
"3043",2018-03-03,"Houston Rockets","Boston Celtics",123,120,3,243,10,10,20
"3044",2018-03-03,"San Antonio Spurs","Los Angeles Lakers",112,116,-4,228,12,10,22
"3045",2018-03-03,"Portland Trail Blazers","Oklahoma City Thunder",108,100,8,208,14,9,23
"3046",2018-03-03,"Sacramento Kings","Utah Jazz",91,98,-7,189,11,11,22
"3047",2018-03-02,"Orlando Magic","Detroit Pistons",115,106,9,221,7,13,20
"3048",2018-03-02,"Philadelphia 76ers","Charlotte Hornets",110,99,11,209,7,7,14
"3049",2018-03-02,"Atlanta Hawks","Golden State Warriors",109,114,-5,223,3,2,5
"3050",2018-03-02,"Washington Wizards","Toronto Raptors",95,102,-7,197,15,8,23
"3051",2018-03-02,"Chicago Bulls","Dallas Mavericks",108,100,8,208,11,13,24
"3052",2018-03-02,"Memphis Grizzlies","Denver Nuggets",102,108,-6,210,17,6,23
"3053",2018-03-02,"Milwaukee Bucks","Indiana Pacers",96,103,-7,199,14,13,27
"3054",2018-03-02,"Phoenix Suns","Oklahoma City Thunder",116,124,-8,240,13,16,29
"3055",2018-03-02,"Utah Jazz","Minnesota Timberwolves",116,108,8,224,11,2,13
"3056",2018-03-02,"Los Angeles Clippers","New York Knicks",128,105,23,233,14,10,24
"3057",2018-03-01,"Miami Heat","Los Angeles Lakers",113,131,-18,244,14,6,20
"3058",2018-03-01,"Cleveland Cavaliers","Philadelphia 76ers",97,108,-11,205,10,14,24
"3059",2018-03-01,"Sacramento Kings","Brooklyn Nets",116,111,5,227,11,16,27
"3060",2018-03-01,"Portland Trail Blazers","Minnesota Timberwolves",108,99,9,207,12,9,21
"3061",2018-02-28,"Detroit Pistons","Milwaukee Bucks",110,87,23,197,22,6,28
"3062",2018-02-28,"Orlando Magic","Toronto Raptors",104,117,-13,221,8,7,15
"3063",2018-02-28,"Atlanta Hawks","Indiana Pacers",107,102,5,209,15,11,26
"3064",2018-02-28,"Boston Celtics","Charlotte Hornets",134,106,28,240,4,9,13
"3065",2018-02-28,"Washington Wizards","Golden State Warriors",101,109,-8,210,18,3,21
"3066",2018-02-28,"Memphis Grizzlies","Phoenix Suns",102,110,-8,212,11,8,19
"3067",2018-02-28,"Dallas Mavericks","Oklahoma City Thunder",110,111,-1,221,8,19,27
"3068",2018-02-28,"San Antonio Spurs","New Orleans Pelicans",116,121,-5,237,13,12,25
"3069",2018-02-28,"Los Angeles Clippers","Houston Rockets",92,105,-13,197,4,10,14
"3070",2018-02-27,"Charlotte Hornets","Chicago Bulls",118,103,15,221,6,11,17
"3071",2018-02-27,"Cleveland Cavaliers","Brooklyn Nets",129,123,6,252,14,3,17
"3072",2018-02-27,"Miami Heat","Philadelphia 76ers",102,101,1,203,11,10,21
"3073",2018-02-27,"Milwaukee Bucks","Washington Wizards",104,107,-3,211,8,9,17
"3074",2018-02-27,"Portland Trail Blazers","Sacramento Kings",116,99,17,215,10,6,16
"3075",2018-02-27,"Denver Nuggets","Los Angeles Clippers",120,122,-2,242,11,13,24
"3076",2018-02-26,"Atlanta Hawks","Los Angeles Lakers",104,123,-19,227,8,10,18
"3077",2018-02-26,"Boston Celtics","Memphis Grizzlies",109,98,11,207,9,5,14
"3078",2018-02-26,"Brooklyn Nets","Chicago Bulls",104,87,17,191,7,15,22
"3079",2018-02-26,"New York Knicks","Golden State Warriors",111,125,-14,236,10,8,18
"3080",2018-02-26,"Toronto Raptors","Detroit Pistons",123,94,29,217,6,13,19
"3081",2018-02-26,"New Orleans Pelicans","Phoenix Suns",125,116,9,241,9,14,23
"3082",2018-02-26,"Oklahoma City Thunder","Orlando Magic",112,105,7,217,14,8,22
"3083",2018-02-26,"Dallas Mavericks","Indiana Pacers",109,103,6,212,7,9,16
"3084",2018-02-26,"Utah Jazz","Houston Rockets",85,96,-11,181,7,9,16
"3085",2018-02-26,"Sacramento Kings","Minnesota Timberwolves",100,118,-18,218,8,8,16
"3086",2018-02-25,"Charlotte Hornets","Detroit Pistons",114,98,16,212,13,8,21
"3087",2018-02-25,"Milwaukee Bucks","New Orleans Pelicans",121,123,-2,244,9,11,20
"3088",2018-02-25,"Cleveland Cavaliers","San Antonio Spurs",94,110,-16,204,13,10,23
"3089",2018-02-25,"Washington Wizards","Philadelphia 76ers",109,94,15,203,10,17,27
"3090",2018-02-25,"Denver Nuggets","Houston Rockets",114,119,-5,233,12,11,23
"3091",2018-02-24,"Philadelphia 76ers","Orlando Magic",116,105,11,221,9,6,15
"3092",2018-02-24,"Miami Heat","Memphis Grizzlies",115,89,26,204,14,9,23
"3093",2018-02-24,"New York Knicks","Boston Celtics",112,121,-9,233,13,11,24
"3094",2018-02-24,"Golden State Warriors","Oklahoma City Thunder",112,80,32,192,12,14,26
"3095",2018-02-24,"Minnesota Timberwolves","Chicago Bulls",122,104,18,226,10,4,14
"3096",2018-02-24,"Phoenix Suns","Portland Trail Blazers",104,106,-2,210,6,12,18
"3097",2018-02-24,"Utah Jazz","Dallas Mavericks",97,90,7,187,9,5,14
"3098",2018-02-24,"Sacramento Kings","Los Angeles Lakers",108,113,-5,221,17,12,29
"3099",2018-02-23,"Detroit Pistons","Boston Celtics",98,110,-12,208,12,10,22
"3100",2018-02-23,"Indiana Pacers","Atlanta Hawks",116,93,23,209,15,6,21
"3101",2018-02-23,"Washington Wizards","Charlotte Hornets",105,122,-17,227,6,13,19
"3102",2018-02-23,"Toronto Raptors","Milwaukee Bucks",119,122,-3,241,5,13,18
"3103",2018-02-23,"Houston Rockets","Minnesota Timberwolves",120,102,18,222,14,16,30
"3104",2018-02-23,"Memphis Grizzlies","Cleveland Cavaliers",89,112,-23,201,5,7,12
"3105",2018-02-23,"New Orleans Pelicans","Miami Heat",124,123,1,247,13,13,26
"3106",2018-02-23,"Denver Nuggets","San Antonio Spurs",122,119,3,241,18,11,29
"3107",2018-02-23,"Phoenix Suns","Los Angeles Clippers",117,128,-11,245,16,8,24
"3108",2018-02-23,"Utah Jazz","Portland Trail Blazers",81,100,-19,181,8,6,14
"3109",2018-02-23,"Los Angeles Lakers","Dallas Mavericks",124,102,22,226,13,3,16
"3110",2018-02-22,"Charlotte Hornets","Brooklyn Nets",111,96,15,207,13,11,24
"3111",2018-02-22,"Orlando Magic","New York Knicks",113,120,-7,233,5,16,21
"3112",2018-02-22,"Cleveland Cavaliers","Washington Wizards",103,110,-7,213,6,9,15
"3113",2018-02-22,"Chicago Bulls","Philadelphia 76ers",115,116,-1,231,11,8,19
"3114",2018-02-22,"Sacramento Kings","Oklahoma City Thunder",107,110,-3,217,10,10,20
"3115",2018-02-22,"Golden State Warriors","Los Angeles Clippers",134,127,7,261,3,8,11
"3116",2018-02-15,"Milwaukee Bucks","Denver Nuggets",123,134,-11,257,11,8,19
"3117",2018-02-15,"Minnesota Timberwolves","Los Angeles Lakers",119,111,8,230,11,11,22
"3118",2018-02-14,"Detroit Pistons","Atlanta Hawks",104,98,6,202,10,8,18
"3119",2018-02-14,"Orlando Magic","Charlotte Hornets",102,104,-2,206,9,8,17
"3120",2018-02-14,"Philadelphia 76ers","Miami Heat",104,102,2,206,23,3,26
"3121",2018-02-14,"Brooklyn Nets","Indiana Pacers",103,108,-5,211,9,15,24
"3122",2018-02-14,"New York Knicks","Washington Wizards",113,118,-5,231,11,6,17
"3123",2018-02-14,"Boston Celtics","Los Angeles Clippers",119,129,-10,248,11,7,18
"3124",2018-02-14,"Chicago Bulls","Toronto Raptors",98,122,-24,220,4,5,9
"3125",2018-02-14,"Houston Rockets","Sacramento Kings",100,91,9,191,7,9,16
"3126",2018-02-14,"Memphis Grizzlies","Oklahoma City Thunder",114,121,-7,235,6,8,14
"3127",2018-02-14,"New Orleans Pelicans","Los Angeles Lakers",139,117,22,256,12,7,19
"3128",2018-02-14,"Utah Jazz","Phoenix Suns",107,97,10,204,14,5,19
"3129",2018-02-14,"Portland Trail Blazers","Golden State Warriors",123,117,6,240,13,8,21
"3130",2018-02-13,"Toronto Raptors","Miami Heat",115,112,3,227,7,10,17
"3131",2018-02-13,"Milwaukee Bucks","Atlanta Hawks",97,92,5,189,14,14,28
"3132",2018-02-13,"Minnesota Timberwolves","Houston Rockets",108,126,-18,234,9,9,18
"3133",2018-02-13,"Oklahoma City Thunder","Cleveland Cavaliers",112,120,-8,232,18,10,28
"3134",2018-02-13,"Dallas Mavericks","Sacramento Kings",109,114,-5,223,4,5,9
"3135",2018-02-13,"Denver Nuggets","San Antonio Spurs",117,109,8,226,11,10,21
"3136",2018-02-12,"Detroit Pistons","New Orleans Pelicans",103,118,-15,221,14,10,24
"3137",2018-02-12,"Philadelphia 76ers","New York Knicks",108,92,16,200,7,7,14
"3138",2018-02-12,"Brooklyn Nets","Los Angeles Clippers",101,114,-13,215,10,8,18
"3139",2018-02-12,"Chicago Bulls","Orlando Magic",105,101,4,206,11,7,18
"3140",2018-02-12,"Utah Jazz","San Antonio Spurs",101,99,2,200,9,8,17
"3141",2018-02-12,"Golden State Warriors","Phoenix Suns",129,83,46,212,7,15,22
"3142",2018-02-11,"Charlotte Hornets","Toronto Raptors",103,123,-20,226,11,6,17
"3143",2018-02-11,"Atlanta Hawks","Detroit Pistons",118,115,3,233,4,12,16
"3144",2018-02-11,"Boston Celtics","Cleveland Cavaliers",99,121,-22,220,13,5,18
"3145",2018-02-11,"Indiana Pacers","New York Knicks",121,113,8,234,16,12,28
"3146",2018-02-11,"Houston Rockets","Dallas Mavericks",104,97,7,201,2,12,14
"3147",2018-02-11,"Minnesota Timberwolves","Sacramento Kings",111,106,5,217,8,15,23
"3148",2018-02-11,"Oklahoma City Thunder","Memphis Grizzlies",110,92,18,202,9,12,21
"3149",2018-02-11,"Portland Trail Blazers","Utah Jazz",96,115,-19,211,6,16,22
"3150",2018-02-10,"Brooklyn Nets","New Orleans Pelicans",128,138,-10,266,18,14,32
"3151",2018-02-10,"Orlando Magic","Milwaukee Bucks",104,111,-7,215,10,8,18
"3152",2018-02-10,"Philadelphia 76ers","Los Angeles Clippers",112,98,14,210,6,11,17
"3153",2018-02-10,"Chicago Bulls","Washington Wizards",90,101,-11,191,9,6,15
"3154",2018-02-10,"Dallas Mavericks","Los Angeles Lakers",130,123,7,253,10,9,19
"3155",2018-02-10,"Golden State Warriors","San Antonio Spurs",122,105,17,227,11,11,22
"3156",2018-02-10,"Phoenix Suns","Denver Nuggets",113,123,-10,236,8,6,14
"3157",2018-02-09,"Detroit Pistons","Los Angeles Clippers",95,108,-13,203,7,14,21
"3158",2018-02-09,"Philadelphia 76ers","New Orleans Pelicans",100,82,18,182,8,8,16
"3159",2018-02-09,"Atlanta Hawks","Cleveland Cavaliers",107,123,-16,230,6,6,12
"3160",2018-02-09,"Boston Celtics","Indiana Pacers",91,97,-6,188,12,13,25
"3161",2018-02-09,"Miami Heat","Milwaukee Bucks",91,85,6,176,13,2,15
"3162",2018-02-09,"Houston Rockets","Denver Nuggets",130,104,26,234,11,7,18
"3163",2018-02-09,"Utah Jazz","Charlotte Hornets",106,94,12,200,7,5,12
"3164",2018-02-09,"Chicago Bulls","Minnesota Timberwolves",114,113,1,227,5,11,16
"3165",2018-02-09,"Sacramento Kings","Portland Trail Blazers",100,118,-18,218,12,9,21
"3166",2018-02-08,"Orlando Magic","Atlanta Hawks",100,98,2,198,8,9,17
"3167",2018-02-08,"Toronto Raptors","New York Knicks",113,88,25,201,9,5,14
"3168",2018-02-08,"Washington Wizards","Boston Celtics",104,110,-6,214,17,7,24
"3169",2018-02-08,"Portland Trail Blazers","Charlotte Hornets",109,103,6,212,9,7,16
"3170",2018-02-08,"Golden State Warriors","Dallas Mavericks",121,103,18,224,18,9,27
"3171",2018-02-08,"Los Angeles Lakers","Oklahoma City Thunder",106,81,25,187,13,17,30
"3172",2018-02-07,"Detroit Pistons","Brooklyn Nets",115,106,9,221,8,8,16
"3173",2018-02-07,"Miami Heat","Houston Rockets",101,109,-8,210,15,4,19
"3174",2018-02-07,"Cleveland Cavaliers","Minnesota Timberwolves",140,138,2,278,7,4,11
"3175",2018-02-07,"Memphis Grizzlies","Utah Jazz",88,92,-4,180,9,9,18
"3176",2018-02-07,"Phoenix Suns","San Antonio Spurs",81,129,-48,210,11,14,25
"3177",2018-02-06,"Orlando Magic","Cleveland Cavaliers",116,98,18,214,12,9,21
"3178",2018-02-06,"Toronto Raptors","Boston Celtics",111,91,20,202,5,9,14
"3179",2018-02-06,"Atlanta Hawks","Memphis Grizzlies",108,82,26,190,8,9,17
"3180",2018-02-06,"Brooklyn Nets","Houston Rockets",113,123,-10,236,10,8,18
"3181",2018-02-06,"New York Knicks","Milwaukee Bucks",89,103,-14,192,11,8,19
"3182",2018-02-06,"Philadelphia 76ers","Washington Wizards",115,102,13,217,12,16,28
"3183",2018-02-06,"Golden State Warriors","Oklahoma City Thunder",105,125,-20,230,10,10,20
"3184",2018-02-06,"Los Angeles Lakers","Phoenix Suns",112,93,19,205,12,16,28
"3185",2018-02-05,"Detroit Pistons","Portland Trail Blazers",111,91,20,202,10,13,23
"3186",2018-02-05,"Indiana Pacers","Washington Wizards",102,111,-9,213,8,7,15
"3187",2018-02-05,"Miami Heat","Orlando Magic",109,111,-2,220,17,5,22
"3188",2018-02-05,"New Orleans Pelicans","Utah Jazz",109,133,-24,242,6,9,15
"3189",2018-02-05,"Denver Nuggets","Charlotte Hornets",121,104,17,225,5,5,10
"3190",2018-02-05,"Sacramento Kings","Chicago Bulls",104,98,6,202,9,9,18
"3191",2018-02-05,"Los Angeles Clippers","Dallas Mavericks",104,101,3,205,5,7,12
"3192",2018-02-04,"Boston Celtics","Portland Trail Blazers",97,96,1,193,9,10,19
"3193",2018-02-04,"Brooklyn Nets","Milwaukee Bucks",94,109,-15,203,11,14,25
"3194",2018-02-04,"New York Knicks","Atlanta Hawks",96,99,-3,195,16,13,29
"3195",2018-02-04,"Toronto Raptors","Memphis Grizzlies",101,86,15,187,10,13,23
"3196",2018-02-04,"Oklahoma City Thunder","Los Angeles Lakers",104,108,-4,212,13,8,21
"3197",2018-02-04,"Phoenix Suns","Charlotte Hornets",110,115,-5,225,2,13,15
"3198",2018-02-03,"Los Angeles Clippers","Chicago Bulls",113,103,10,216,10,13,23
"3199",2018-02-03,"Detroit Pistons","Miami Heat",111,107,4,218,13,7,20
"3200",2018-02-03,"Indiana Pacers","Philadelphia 76ers",100,92,8,192,6,15,21
"3201",2018-02-03,"Orlando Magic","Washington Wizards",98,115,-17,213,10,12,22
"3202",2018-02-03,"Cleveland Cavaliers","Houston Rockets",88,120,-32,208,5,6,11
"3203",2018-02-03,"Minnesota Timberwolves","New Orleans Pelicans",118,107,11,225,12,18,30
"3204",2018-02-03,"San Antonio Spurs","Utah Jazz",111,120,-9,231,11,5,16
"3205",2018-02-03,"Denver Nuggets","Golden State Warriors",115,108,7,223,16,11,27
"3206",2018-02-03,"Sacramento Kings","Dallas Mavericks",99,106,-7,205,7,9,16
"3207",2018-02-02,"Charlotte Hornets","Indiana Pacers",133,126,7,259,11,7,18
"3208",2018-02-02,"Boston Celtics","Atlanta Hawks",119,110,9,229,7,4,11
"3209",2018-02-02,"Brooklyn Nets","Los Angeles Lakers",99,102,-3,201,5,18,23
"3210",2018-02-02,"Toronto Raptors","Portland Trail Blazers",130,105,25,235,17,4,21
"3211",2018-02-02,"Philadelphia 76ers","Miami Heat",103,97,6,200,9,16,25
"3212",2018-02-02,"Milwaukee Bucks","New York Knicks",92,90,2,182,4,18,22
"3213",2018-02-02,"Oklahoma City Thunder","New Orleans Pelicans",100,114,-14,214,15,5,20
"3214",2018-02-02,"Phoenix Suns","Utah Jazz",97,129,-32,226,6,9,15
"3215",2018-02-02,"Sacramento Kings","Golden State Warriors",104,119,-15,223,6,7,13
"3216",2018-02-01,"Detroit Pistons","Memphis Grizzlies",104,102,2,206,4,10,14
"3217",2018-02-01,"Washington Wizards","Toronto Raptors",122,119,3,241,12,8,20
"3218",2018-02-01,"Minnesota Timberwolves","Milwaukee Bucks",108,89,19,197,4,15,19
"3219",2018-02-01,"San Antonio Spurs","Houston Rockets",91,102,-11,193,9,7,16
"3220",2018-02-01,"Denver Nuggets","Oklahoma City Thunder",127,124,3,251,9,9,18
"3221",2018-01-31,"Indiana Pacers","Memphis Grizzlies",105,101,4,206,8,14,22
"3222",2018-01-31,"Orlando Magic","Los Angeles Lakers",127,105,22,232,4,11,15
"3223",2018-01-31,"Atlanta Hawks","Charlotte Hornets",110,123,-13,233,4,12,16
"3224",2018-01-31,"Brooklyn Nets","Philadelphia 76ers",116,108,8,224,9,6,15
"3225",2018-01-31,"Cleveland Cavaliers","Miami Heat",91,89,2,180,7,6,13
"3226",2018-01-31,"Boston Celtics","New York Knicks",103,73,30,176,5,9,14
"3227",2018-01-31,"Portland Trail Blazers","Chicago Bulls",124,108,16,232,5,12,17
"3228",2018-01-31,"Phoenix Suns","Dallas Mavericks",102,88,14,190,8,15,23
"3229",2018-01-30,"Washington Wizards","Oklahoma City Thunder",102,96,6,198,7,14,21
"3230",2018-01-30,"New York Knicks","Brooklyn Nets",111,95,16,206,12,11,23
"3231",2018-01-30,"Toronto Raptors","Minnesota Timberwolves",109,104,5,213,9,10,19
"3232",2018-01-30,"Detroit Pistons","Cleveland Cavaliers",125,114,11,239,8,7,15
"3233",2018-01-30,"Houston Rockets","Orlando Magic",114,107,7,221,8,7,15
"3234",2018-01-30,"New Orleans Pelicans","Sacramento Kings",103,114,-11,217,2,14,16
"3235",2018-01-30,"San Antonio Spurs","Denver Nuggets",106,104,2,210,13,10,23
"3236",2018-01-30,"Utah Jazz","Golden State Warriors",129,99,30,228,7,11,18
"3237",2018-01-30,"Los Angeles Clippers","Portland Trail Blazers",96,104,-8,200,9,18,27
"3238",2018-01-29,"Indiana Pacers","Charlotte Hornets",105,96,9,201,6,11,17
"3239",2018-01-29,"Atlanta Hawks","Minnesota Timberwolves",105,100,5,205,8,7,15
"3240",2018-01-29,"Memphis Grizzlies","Phoenix Suns",120,109,11,229,12,15,27
"3241",2018-01-29,"Milwaukee Bucks","Philadelphia 76ers",107,95,12,202,8,10,18
"3242",2018-01-29,"Dallas Mavericks","Miami Heat",88,95,-7,183,11,11,22
"3243",2018-01-29,"Denver Nuggets","Boston Celtics",110,111,-1,221,15,10,25
"3244",2018-01-28,"Chicago Bulls","Milwaukee Bucks",96,110,-14,206,10,7,17
"3245",2018-01-28,"Houston Rockets","Phoenix Suns",113,102,11,215,5,7,12
"3246",2018-01-28,"New Orleans Pelicans","Los Angeles Clippers",103,112,-9,215,7,11,18
"3247",2018-01-28,"Cleveland Cavaliers","Detroit Pistons",121,104,17,225,4,7,11
"3248",2018-01-28,"Toronto Raptors","Los Angeles Lakers",123,111,12,234,12,13,25
"3249",2018-01-28,"Oklahoma City Thunder","Philadelphia 76ers",122,112,10,234,17,12,29
"3250",2018-01-28,"San Antonio Spurs","Sacramento Kings",113,98,15,211,13,6,19
"3251",2018-01-27,"Detroit Pistons","Oklahoma City Thunder",108,121,-13,229,13,13,26
"3252",2018-01-27,"Indiana Pacers","Orlando Magic",114,112,2,226,9,13,22
"3253",2018-01-27,"Atlanta Hawks","Washington Wizards",104,129,-25,233,11,7,18
"3254",2018-01-27,"Miami Heat","Charlotte Hornets",95,91,4,186,11,12,23
"3255",2018-01-27,"Golden State Warriors","Boston Celtics",109,105,4,214,10,11,21
"3256",2018-01-27,"Minnesota Timberwolves","Brooklyn Nets",111,97,14,208,16,11,27
"3257",2018-01-27,"Denver Nuggets","Dallas Mavericks",91,89,2,180,9,8,17
"3258",2018-01-26,"Charlotte Hornets","Atlanta Hawks",121,110,11,231,11,6,17
"3259",2018-01-26,"Cleveland Cavaliers","Indiana Pacers",115,108,7,223,8,8,16
"3260",2018-01-26,"Toronto Raptors","Utah Jazz",93,97,-4,190,16,10,26
"3261",2018-01-26,"Chicago Bulls","Los Angeles Lakers",103,108,-5,211,16,10,26
"3262",2018-01-26,"Memphis Grizzlies","Los Angeles Clippers",100,109,-9,209,8,3,11
"3263",2018-01-26,"Milwaukee Bucks","Brooklyn Nets",116,91,25,207,3,11,14
"3264",2018-01-26,"New Orleans Pelicans","Houston Rockets",115,113,2,228,6,2,8
"3265",2018-01-26,"Dallas Mavericks","Portland Trail Blazers",93,107,-14,200,8,10,18
"3266",2018-01-26,"San Antonio Spurs","Philadelphia 76ers",78,97,-19,175,5,12,17
"3267",2018-01-26,"Phoenix Suns","New York Knicks",85,107,-22,192,12,10,22
"3268",2018-01-25,"Miami Heat","Sacramento Kings",88,89,-1,177,7,5,12
"3269",2018-01-25,"Oklahoma City Thunder","Washington Wizards",121,112,9,233,13,12,25
"3270",2018-01-25,"Denver Nuggets","New York Knicks",130,118,12,248,2,3,5
"3271",2018-01-25,"Golden State Warriors","Minnesota Timberwolves",126,113,13,239,11,13,24
"3272",2018-01-24,"Charlotte Hornets","New Orleans Pelicans",96,101,-5,197,10,8,18
"3273",2018-01-24,"Detroit Pistons","Utah Jazz",95,98,-3,193,15,9,24
"3274",2018-01-24,"Indiana Pacers","Phoenix Suns",116,101,15,217,3,10,13
"3275",2018-01-24,"Philadelphia 76ers","Chicago Bulls",115,101,14,216,6,10,16
"3276",2018-01-24,"Atlanta Hawks","Toronto Raptors",93,108,-15,201,12,12,24
"3277",2018-01-24,"Dallas Mavericks","Houston Rockets",97,104,-7,201,9,7,16
"3278",2018-01-24,"Memphis Grizzlies","San Antonio Spurs",85,108,-23,193,9,11,20
"3279",2018-01-24,"Portland Trail Blazers","Minnesota Timberwolves",123,114,9,237,6,5,11
"3280",2018-01-24,"Los Angeles Clippers","Boston Celtics",102,113,-11,215,10,10,20
"3281",2018-01-23,"Orlando Magic","Sacramento Kings",99,105,-6,204,11,11,22
"3282",2018-01-23,"Oklahoma City Thunder","Brooklyn Nets",109,108,1,217,16,8,24
"3283",2018-01-23,"San Antonio Spurs","Cleveland Cavaliers",114,102,12,216,13,6,19
"3284",2018-01-23,"Golden State Warriors","New York Knicks",123,112,11,235,3,6,9
"3285",2018-01-23,"Los Angeles Lakers","Boston Celtics",108,107,1,215,14,7,21
"3286",2018-01-22,"Charlotte Hornets","Sacramento Kings",112,107,5,219,11,10,21
"3287",2018-01-22,"Atlanta Hawks","Utah Jazz",104,90,14,194,10,7,17
"3288",2018-01-22,"Houston Rockets","Miami Heat",99,90,9,189,8,9,17
"3289",2018-01-22,"Memphis Grizzlies","Philadelphia 76ers",105,101,4,206,11,16,27
"3290",2018-01-22,"Milwaukee Bucks","Phoenix Suns",109,105,4,214,8,9,17
"3291",2018-01-22,"New Orleans Pelicans","Chicago Bulls",132,128,4,260,15,6,21
"3292",2018-01-22,"Dallas Mavericks","Washington Wizards",98,75,23,173,9,17,26
"3293",2018-01-22,"Denver Nuggets","Portland Trail Blazers",104,101,3,205,14,11,25
"3294",2018-01-22,"Los Angeles Clippers","Minnesota Timberwolves",118,126,-8,244,8,18,26
"3295",2018-01-21,"Boston Celtics","Orlando Magic",95,103,-8,198,11,13,24
"3296",2018-01-21,"Los Angeles Lakers","New York Knicks",127,107,20,234,12,7,19
"3297",2018-01-21,"Detroit Pistons","Brooklyn Nets",100,101,-1,201,7,7,14
"3298",2018-01-21,"San Antonio Spurs","Indiana Pacers",86,94,-8,180,10,7,17
"3299",2018-01-20,"Cleveland Cavaliers","Oklahoma City Thunder",124,148,-24,272,3,16,19
"3300",2018-01-20,"Atlanta Hawks","Chicago Bulls",97,113,-16,210,9,4,13
"3301",2018-01-20,"Charlotte Hornets","Miami Heat",105,106,-1,211,8,8,16
"3302",2018-01-20,"New Orleans Pelicans","Memphis Grizzlies",111,104,7,215,6,10,16
"3303",2018-01-20,"Philadelphia 76ers","Milwaukee Bucks",116,94,22,210,11,8,19
"3304",2018-01-20,"Houston Rockets","Golden State Warriors",116,108,8,224,12,4,16
"3305",2018-01-20,"Minnesota Timberwolves","Toronto Raptors",115,109,6,224,15,8,23
"3306",2018-01-20,"Utah Jazz","Los Angeles Clippers",125,113,12,238,11,7,18
"3307",2018-01-20,"Portland Trail Blazers","Dallas Mavericks",117,108,9,225,9,11,20
"3308",2018-01-19,"Toronto Raptors","San Antonio Spurs",86,83,3,169,9,17,26
"3309",2018-01-19,"Brooklyn Nets","Miami Heat",101,95,6,196,10,12,22
"3310",2018-01-19,"Detroit Pistons","Washington Wizards",112,122,-10,234,7,8,15
"3311",2018-01-19,"Memphis Grizzlies","Sacramento Kings",106,88,18,194,14,11,25
"3312",2018-01-19,"Denver Nuggets","Phoenix Suns",100,108,-8,208,7,4,11
"3313",2018-01-19,"Utah Jazz","New York Knicks",115,117,-2,232,15,7,22
"3314",2018-01-19,"Los Angeles Lakers","Indiana Pacers",99,86,13,185,6,12,18
"3315",2018-01-18,"Boston Celtics","Philadelphia 76ers",80,89,-9,169,3,8,11
"3316",2018-01-18,"Cleveland Cavaliers","Orlando Magic",104,103,1,207,14,9,23
"3317",2018-01-18,"Houston Rockets","Minnesota Timberwolves",116,98,18,214,11,8,19
"3318",2018-01-18,"Portland Trail Blazers","Indiana Pacers",100,86,14,186,14,10,24
"3319",2018-01-17,"Charlotte Hornets","Washington Wizards",133,109,24,242,13,7,20
"3320",2018-01-17,"Atlanta Hawks","New Orleans Pelicans",94,93,1,187,12,9,21
"3321",2018-01-17,"Brooklyn Nets","San Antonio Spurs",95,100,-5,195,6,7,13
"3322",2018-01-17,"Toronto Raptors","Detroit Pistons",96,91,5,187,12,11,23
"3323",2018-01-17,"Chicago Bulls","Golden State Warriors",112,119,-7,231,14,5,19
"3324",2018-01-17,"Memphis Grizzlies","New York Knicks",105,99,6,204,15,12,27
"3325",2018-01-17,"Milwaukee Bucks","Miami Heat",101,106,-5,207,5,10,15
"3326",2018-01-17,"Oklahoma City Thunder","Los Angeles Lakers",114,90,24,204,21,6,27
"3327",2018-01-17,"Sacramento Kings","Utah Jazz",105,120,-15,225,8,6,14
"3328",2018-01-17,"Los Angeles Clippers","Denver Nuggets",109,104,5,213,17,20,37
"3329",2018-01-16,"Orlando Magic","Minnesota Timberwolves",108,102,6,210,15,11,26
"3330",2018-01-16,"Boston Celtics","New Orleans Pelicans",113,116,-3,229,12,13,25
"3331",2018-01-16,"Denver Nuggets","Dallas Mavericks",105,102,3,207,15,5,20
"3332",2018-01-16,"Portland Trail Blazers","Phoenix Suns",118,111,7,229,9,12,21
"3333",2018-01-15,"Detroit Pistons","Charlotte Hornets",107,118,-11,225,3,9,12
"3334",2018-01-15,"Philadelphia 76ers","Toronto Raptors",117,111,6,228,10,12,22
"3335",2018-01-15,"Washington Wizards","Milwaukee Bucks",95,104,-9,199,11,15,26
"3336",2018-01-15,"Atlanta Hawks","San Antonio Spurs",102,99,3,201,11,8,19
"3337",2018-01-15,"Brooklyn Nets","New York Knicks",104,119,-15,223,11,8,19
"3338",2018-01-15,"Chicago Bulls","Miami Heat",119,111,8,230,7,4,11
"3339",2018-01-15,"Memphis Grizzlies","Los Angeles Lakers",123,114,9,237,6,12,18
"3340",2018-01-15,"Oklahoma City Thunder","Sacramento Kings",95,88,7,183,18,6,24
"3341",2018-01-15,"Cleveland Cavaliers","Golden State Warriors",108,118,-10,226,12,13,25
"3342",2018-01-15,"Utah Jazz","Indiana Pacers",94,109,-15,203,9,8,17
"3343",2018-01-15,"Los Angeles Clippers","Houston Rockets",113,102,11,215,4,13,17
"3344",2018-01-14,"Miami Heat","Milwaukee Bucks",97,79,18,176,3,8,11
"3345",2018-01-14,"New York Knicks","New Orleans Pelicans",118,123,-5,241,10,12,22
"3346",2018-01-14,"Phoenix Suns","Indiana Pacers",97,120,-23,217,14,8,22
"3347",2018-01-14,"Minnesota Timberwolves","Portland Trail Blazers",120,103,17,223,7,8,15
"3348",2018-01-13,"Dallas Mavericks","Los Angeles Lakers",101,107,-6,208,4,11,15
"3349",2018-01-13,"Los Angeles Clippers","Sacramento Kings",126,105,21,231,5,10,15
"3350",2018-01-13,"Charlotte Hornets","Oklahoma City Thunder",91,101,-10,192,9,19,28
"3351",2018-01-13,"Washington Wizards","Brooklyn Nets",119,113,6,232,6,13,19
"3352",2018-01-13,"Toronto Raptors","Golden State Warriors",125,127,-2,252,14,3,17
"3353",2018-01-13,"Chicago Bulls","Detroit Pistons",107,105,2,212,6,13,19
"3354",2018-01-13,"San Antonio Spurs","Denver Nuggets",112,80,32,192,6,11,17
"3355",2018-01-12,"Charlotte Hornets","Utah Jazz",99,88,11,187,8,8,16
"3356",2018-01-12,"Indiana Pacers","Cleveland Cavaliers",97,95,2,192,6,9,15
"3357",2018-01-12,"Washington Wizards","Orlando Magic",125,119,6,244,14,12,26
"3358",2018-01-12,"Atlanta Hawks","Brooklyn Nets",105,110,-5,215,8,13,21
"3359",2018-01-12,"Milwaukee Bucks","Golden State Warriors",94,108,-14,202,8,10,18
"3360",2018-01-12,"Minnesota Timberwolves","New York Knicks",118,108,10,226,16,9,25
"3361",2018-01-12,"New Orleans Pelicans","Portland Trail Blazers",119,113,6,232,9,14,23
"3362",2018-01-12,"Denver Nuggets","Memphis Grizzlies",87,78,9,165,12,8,20
"3363",2018-01-12,"Phoenix Suns","Houston Rockets",95,112,-17,207,4,14,18
"3364",2018-01-11,"Philadelphia 76ers","Boston Celtics",103,114,-11,217,3,11,14
"3365",2018-01-11,"Toronto Raptors","Cleveland Cavaliers",133,99,34,232,18,9,27
"3366",2018-01-11,"Sacramento Kings","Los Angeles Clippers",115,121,-6,236,10,8,18
"3367",2018-01-11,"Los Angeles Lakers","San Antonio Spurs",93,81,12,174,12,7,19
"3368",2018-01-10,"Charlotte Hornets","Dallas Mavericks",111,115,-4,226,4,3,7
"3369",2018-01-10,"Indiana Pacers","Miami Heat",106,114,-8,220,12,6,18
"3370",2018-01-10,"Washington Wizards","Utah Jazz",104,107,-3,211,9,11,20
"3371",2018-01-10,"Brooklyn Nets","Detroit Pistons",80,114,-34,194,2,11,13
"3372",2018-01-10,"New York Knicks","Chicago Bulls",119,122,-3,241,11,10,21
"3373",2018-01-10,"Houston Rockets","Portland Trail Blazers",121,112,9,233,17,6,23
"3374",2018-01-10,"Memphis Grizzlies","New Orleans Pelicans",105,102,3,207,14,9,23
"3375",2018-01-10,"Milwaukee Bucks","Orlando Magic",110,103,7,213,11,8,19
"3376",2018-01-10,"Minnesota Timberwolves","Oklahoma City Thunder",104,88,16,192,11,10,21
"3377",2018-01-10,"Denver Nuggets","Atlanta Hawks",97,110,-13,207,14,6,20
"3378",2018-01-10,"Golden State Warriors","Los Angeles Clippers",106,125,-19,231,4,11,15
"3379",2018-01-09,"Toronto Raptors","Miami Heat",89,90,-1,179,7,20,27
"3380",2018-01-09,"Oklahoma City Thunder","Portland Trail Blazers",106,117,-11,223,11,8,19
"3381",2018-01-09,"Dallas Mavericks","Orlando Magic",114,99,15,213,5,9,14
"3382",2018-01-09,"Los Angeles Lakers","Sacramento Kings",99,86,13,185,9,10,19
"3383",2018-01-08,"Indiana Pacers","Milwaukee Bucks",109,96,13,205,8,5,13
"3384",2018-01-08,"Brooklyn Nets","Toronto Raptors",113,114,-1,227,11,8,19
"3385",2018-01-08,"Chicago Bulls","Houston Rockets",107,116,-9,223,3,11,14
"3386",2018-01-08,"Minnesota Timberwolves","Cleveland Cavaliers",127,99,28,226,15,8,23
"3387",2018-01-08,"New Orleans Pelicans","Detroit Pistons",112,109,3,221,9,12,21
"3388",2018-01-08,"Sacramento Kings","San Antonio Spurs",100,107,-7,207,8,8,16
"3389",2018-01-08,"Golden State Warriors","Denver Nuggets",124,114,10,238,10,13,23
"3390",2018-01-08,"Los Angeles Clippers","Atlanta Hawks",108,107,1,215,14,19,33
"3391",2018-01-07,"Miami Heat","Utah Jazz",103,102,1,205,8,8,16
"3392",2018-01-07,"Dallas Mavericks","New York Knicks",96,100,-4,196,9,10,19
"3393",2018-01-07,"Phoenix Suns","Oklahoma City Thunder",114,100,14,214,12,8,20
"3394",2018-01-07,"Portland Trail Blazers","San Antonio Spurs",111,110,1,221,9,10,19
"3395",2018-01-07,"Los Angeles Lakers","Atlanta Hawks",132,113,19,245,6,10,16
"3396",2018-01-06,"Los Angeles Clippers","Golden State Warriors",105,121,-16,226,10,14,24
"3397",2018-01-06,"Brooklyn Nets","Boston Celtics",85,87,-2,172,12,12,24
"3398",2018-01-06,"Detroit Pistons","Houston Rockets",108,101,7,209,5,12,17
"3399",2018-01-06,"Indiana Pacers","Chicago Bulls",125,86,39,211,10,9,19
"3400",2018-01-06,"Orlando Magic","Cleveland Cavaliers",127,131,-4,258,14,14,28
"3401",2018-01-06,"Washington Wizards","Milwaukee Bucks",103,110,-7,213,4,10,14
"3402",2018-01-06,"Minnesota Timberwolves","New Orleans Pelicans",116,98,18,214,13,7,20
"3403",2018-01-06,"Sacramento Kings","Denver Nuggets",106,98,8,204,10,8,18
"3404",2018-01-05,"Philadelphia 76ers","Detroit Pistons",114,78,36,192,13,6,19
"3405",2018-01-05,"Boston Celtics","Minnesota Timberwolves",91,84,7,175,17,9,26
"3406",2018-01-05,"Miami Heat","New York Knicks",107,103,4,210,15,8,23
"3407",2018-01-05,"Milwaukee Bucks","Toronto Raptors",110,129,-19,239,5,12,17
"3408",2018-01-05,"Dallas Mavericks","Chicago Bulls",124,127,-3,251,7,8,15
"3409",2018-01-05,"San Antonio Spurs","Phoenix Suns",103,89,14,192,7,9,16
"3410",2018-01-05,"Denver Nuggets","Utah Jazz",99,91,8,190,4,8,12
"3411",2018-01-05,"Memphis Grizzlies","Washington Wizards",100,102,-2,202,11,12,23
"3412",2018-01-05,"Portland Trail Blazers","Atlanta Hawks",110,89,21,199,6,11,17
"3413",2018-01-05,"Los Angeles Lakers","Charlotte Hornets",94,108,-14,202,12,16,28
"3414",2018-01-04,"Houston Rockets","Golden State Warriors",114,124,-10,238,6,6,12
"3415",2018-01-04,"Los Angeles Clippers","Oklahoma City Thunder",117,127,-10,244,15,11,26
"3416",2018-01-03,"Orlando Magic","Houston Rockets",98,116,-18,214,9,9,18
"3417",2018-01-03,"Philadelphia 76ers","San Antonio Spurs",112,106,6,218,13,12,25
"3418",2018-01-03,"Washington Wizards","New York Knicks",121,103,18,224,6,8,14
"3419",2018-01-03,"Brooklyn Nets","Minnesota Timberwolves",98,97,1,195,4,7,11
"3420",2018-01-03,"Miami Heat","Detroit Pistons",111,104,7,215,7,5,12
"3421",2018-01-03,"Boston Celtics","Cleveland Cavaliers",102,88,14,190,9,9,18
"3422",2018-01-03,"Chicago Bulls","Toronto Raptors",115,124,-9,239,9,7,16
"3423",2018-01-03,"Milwaukee Bucks","Indiana Pacers",122,101,21,223,6,8,14
"3424",2018-01-03,"Dallas Mavericks","Golden State Warriors",122,125,-3,247,7,7,14
"3425",2018-01-03,"Denver Nuggets","Phoenix Suns",134,111,23,245,8,14,22
"3426",2018-01-03,"Utah Jazz","New Orleans Pelicans",98,108,-10,206,6,7,13
"3427",2018-01-03,"Los Angeles Lakers","Oklahoma City Thunder",96,133,-37,229,16,7,23
"3428",2018-01-02,"Cleveland Cavaliers","Portland Trail Blazers",127,110,17,237,8,13,21
"3429",2018-01-02,"New York Knicks","San Antonio Spurs",91,100,-9,191,12,14,26
"3430",2018-01-02,"Phoenix Suns","Atlanta Hawks",104,103,1,207,11,17,28
"3431",2018-01-02,"Sacramento Kings","Charlotte Hornets",111,131,-20,242,16,5,21
"3432",2018-01-02,"Los Angeles Clippers","Memphis Grizzlies",113,105,8,218,4,10,14
"3433",2018-01-01,"Brooklyn Nets","Orlando Magic",98,95,3,193,10,19,29
"3434",2018-01-01,"Toronto Raptors","Milwaukee Bucks",131,127,4,258,6,10,16
"3435",2018-01-01,"Chicago Bulls","Portland Trail Blazers",120,124,-4,244,15,12,27
"3436",2018-01-01,"Minnesota Timberwolves","Los Angeles Lakers",114,96,18,210,7,9,16
"3437",2017-12-31,"Washington Wizards","Chicago Bulls",114,110,4,224,12,10,22
"3438",2017-12-31,"Indiana Pacers","Minnesota Timberwolves",90,107,-17,197,13,13,26
"3439",2017-12-31,"Boston Celtics","Brooklyn Nets",108,105,3,213,8,11,19
"3440",2017-12-31,"Houston Rockets","Los Angeles Lakers",148,142,6,290,15,15,30
"3441",2017-12-31,"Oklahoma City Thunder","Dallas Mavericks",113,116,-3,229,11,8,19
"3442",2017-12-31,"Los Angeles Clippers","Charlotte Hornets",106,98,8,204,6,15,21
"3443",2017-12-31,"Sacramento Kings","Memphis Grizzlies",96,114,-18,210,12,6,18
"3444",2017-12-31,"Phoenix Suns","Philadelphia 76ers",110,123,-13,233,12,11,23
"3445",2017-12-30,"Detroit Pistons","San Antonio Spurs",93,79,14,172,6,10,16
"3446",2017-12-30,"Orlando Magic","Miami Heat",111,117,-6,228,9,11,20
"3447",2017-12-30,"New Orleans Pelicans","New York Knicks",103,105,-2,208,4,9,13
"3448",2017-12-30,"Atlanta Hawks","Portland Trail Blazers",104,89,15,193,13,15,28
"3449",2017-12-30,"Utah Jazz","Cleveland Cavaliers",104,101,3,205,5,9,14
"3450",2017-12-30,"Golden State Warriors","Memphis Grizzlies",141,128,13,269,7,13,20
"3451",2017-12-30,"Denver Nuggets","Philadelphia 76ers",102,107,-5,209,10,7,17
"3452",2017-12-29,"Washington Wizards","Houston Rockets",121,103,18,224,10,8,18
"3453",2017-12-29,"Toronto Raptors","Atlanta Hawks",111,98,13,209,19,14,33
"3454",2017-12-29,"Miami Heat","Brooklyn Nets",87,111,-24,198,12,8,20
"3455",2017-12-29,"Chicago Bulls","Indiana Pacers",119,107,12,226,7,11,18
"3456",2017-12-29,"New Orleans Pelicans","Dallas Mavericks",120,128,-8,248,4,5,9
"3457",2017-12-29,"Oklahoma City Thunder","Milwaukee Bucks",95,97,-2,192,10,12,22
"3458",2017-12-29,"Sacramento Kings","Phoenix Suns",101,111,-10,212,8,16,24
"3459",2017-12-29,"Golden State Warriors","Charlotte Hornets",100,111,-11,211,8,13,21
"3460",2017-12-29,"Los Angeles Lakers","Los Angeles Clippers",106,121,-15,227,11,15,26
"3461",2017-12-28,"Orlando Magic","Detroit Pistons",102,89,13,191,9,9,18
"3462",2017-12-28,"Boston Celtics","Houston Rockets",99,98,1,197,10,7,17
"3463",2017-12-28,"Milwaukee Bucks","Minnesota Timberwolves",102,96,6,198,7,6,13
"3464",2017-12-28,"San Antonio Spurs","New York Knicks",119,107,12,226,10,12,22
"3465",2017-12-28,"Portland Trail Blazers","Philadelphia 76ers",114,110,4,224,8,5,13
"3466",2017-12-27,"Charlotte Hornets","Boston Celtics",91,102,-11,193,19,6,25
"3467",2017-12-27,"Indiana Pacers","Dallas Mavericks",94,98,-4,192,7,4,11
"3468",2017-12-27,"Atlanta Hawks","Washington Wizards",113,99,14,212,16,9,25
"3469",2017-12-27,"Chicago Bulls","New York Knicks",92,87,5,179,4,7,11
"3470",2017-12-27,"Minnesota Timberwolves","Denver Nuggets",128,125,3,253,7,11,18
"3471",2017-12-27,"New Orleans Pelicans","Brooklyn Nets",128,113,15,241,6,10,16
"3472",2017-12-27,"Oklahoma City Thunder","Toronto Raptors",124,107,17,231,15,7,22
"3473",2017-12-27,"Sacramento Kings","Cleveland Cavaliers",109,95,14,204,7,7,14
"3474",2017-12-27,"Golden State Warriors","Utah Jazz",126,101,25,227,4,10,14
"3475",2017-12-27,"Los Angeles Lakers","Memphis Grizzlies",99,109,-10,208,22,5,27
"3476",2017-12-26,"Detroit Pistons","Indiana Pacers",107,83,24,190,10,5,15
"3477",2017-12-26,"Dallas Mavericks","Toronto Raptors",98,93,5,191,16,16,32
"3478",2017-12-26,"Miami Heat","Orlando Magic",107,89,18,196,16,10,26
"3479",2017-12-26,"Milwaukee Bucks","Chicago Bulls",106,115,-9,221,4,15,19
"3480",2017-12-26,"San Antonio Spurs","Brooklyn Nets",109,97,12,206,5,12,17
"3481",2017-12-26,"Denver Nuggets","Utah Jazz",107,83,24,190,10,12,22
"3482",2017-12-26,"Phoenix Suns","Memphis Grizzlies",99,97,2,196,6,10,16
"3483",2017-12-26,"Los Angeles Clippers","Sacramento Kings",122,95,27,217,9,10,19
"3484",2017-12-25,"New York Knicks","Philadelphia 76ers",98,105,-7,203,18,12,30
"3485",2017-12-25,"Golden State Warriors","Cleveland Cavaliers",99,92,7,191,10,19,29
"3486",2017-12-25,"Boston Celtics","Washington Wizards",103,111,-8,214,8,14,22
"3487",2017-12-25,"Oklahoma City Thunder","Houston Rockets",112,107,5,219,9,12,21
"3488",2017-12-25,"Los Angeles Lakers","Minnesota Timberwolves",104,121,-17,225,13,7,20
"3489",2017-12-23,"Toronto Raptors","Philadelphia 76ers",102,86,16,188,7,7,14
"3490",2017-12-23,"Charlotte Hornets","Milwaukee Bucks",111,106,5,217,9,7,16
"3491",2017-12-23,"Indiana Pacers","Brooklyn Nets",123,119,4,242,7,18,25
"3492",2017-12-23,"Washington Wizards","Orlando Magic",130,103,27,233,12,4,16
"3493",2017-12-23,"Atlanta Hawks","Dallas Mavericks",112,107,5,219,6,7,13
"3494",2017-12-23,"Boston Celtics","Chicago Bulls",117,92,25,209,8,12,20
"3495",2017-12-23,"Miami Heat","New Orleans Pelicans",94,109,-15,203,13,6,19
"3496",2017-12-23,"Memphis Grizzlies","Los Angeles Clippers",115,112,3,227,15,5,20
"3497",2017-12-23,"Utah Jazz","Oklahoma City Thunder",89,103,-14,192,6,15,21
"3498",2017-12-23,"Golden State Warriors","Denver Nuggets",81,96,-15,177,11,10,21
"3499",2017-12-23,"Phoenix Suns","Minnesota Timberwolves",106,115,-9,221,9,13,22
"3500",2017-12-23,"Los Angeles Lakers","Portland Trail Blazers",92,95,-3,187,11,9,20
"3501",2017-12-23,"Sacramento Kings","San Antonio Spurs",99,108,-9,207,9,7,16
"3502",2017-12-22,"Detroit Pistons","New York Knicks",104,101,3,205,15,16,31
"3503",2017-12-22,"Orlando Magic","New Orleans Pelicans",97,111,-14,208,10,11,21
"3504",2017-12-22,"Brooklyn Nets","Washington Wizards",119,84,35,203,13,7,20
"3505",2017-12-22,"Miami Heat","Dallas Mavericks",113,101,12,214,2,3,5
"3506",2017-12-22,"Houston Rockets","Los Angeles Clippers",118,128,-10,246,9,9,18
"3507",2017-12-22,"Milwaukee Bucks","Charlotte Hornets",109,104,5,213,6,9,15
"3508",2017-12-22,"Oklahoma City Thunder","Atlanta Hawks",120,117,3,237,15,7,22
"3509",2017-12-22,"Portland Trail Blazers","Denver Nuggets",85,102,-17,187,10,16,26
"3510",2017-12-22,"Golden State Warriors","Los Angeles Lakers",113,106,7,219,10,15,25
"3511",2017-12-21,"Cleveland Cavaliers","Chicago Bulls",115,112,3,227,7,5,12
"3512",2017-12-21,"Philadelphia 76ers","Toronto Raptors",109,114,-5,223,13,19,32
"3513",2017-12-21,"New York Knicks","Boston Celtics",102,93,9,195,11,9,20
"3514",2017-12-21,"Phoenix Suns","Memphis Grizzlies",97,95,2,192,12,15,27
"3515",2017-12-21,"Utah Jazz","San Antonio Spurs",100,89,11,189,5,5,10
"3516",2017-12-20,"Charlotte Hornets","Toronto Raptors",111,129,-18,240,8,10,18
"3517",2017-12-20,"Atlanta Hawks","Indiana Pacers",95,105,-10,200,11,8,19
"3518",2017-12-20,"Boston Celtics","Miami Heat",89,90,-1,179,5,6,11
"3519",2017-12-20,"Brooklyn Nets","Sacramento Kings",99,104,-5,203,14,13,27
"3520",2017-12-20,"Chicago Bulls","Orlando Magic",112,94,18,206,9,6,15
"3521",2017-12-20,"Houston Rockets","Los Angeles Lakers",116,122,-6,238,12,10,22
"3522",2017-12-20,"Oklahoma City Thunder","Utah Jazz",107,79,28,186,8,11,19
"3523",2017-12-20,"Dallas Mavericks","Detroit Pistons",110,93,17,203,4,6,10
"3524",2017-12-20,"Denver Nuggets","Minnesota Timberwolves",104,112,-8,216,8,8,16
"3525",2017-12-20,"Portland Trail Blazers","San Antonio Spurs",91,93,-2,184,12,9,21
"3526",2017-12-20,"Golden State Warriors","Memphis Grizzlies",97,84,13,181,14,15,29
"3527",2017-12-20,"Los Angeles Clippers","Phoenix Suns",108,95,13,203,9,14,23
"3528",2017-12-19,"Philadelphia 76ers","Sacramento Kings",95,101,-6,196,13,9,22
"3529",2017-12-19,"Washington Wizards","New Orleans Pelicans",116,106,10,222,10,11,21
"3530",2017-12-19,"Milwaukee Bucks","Cleveland Cavaliers",119,116,3,235,8,7,15
"3531",2017-12-18,"Charlotte Hornets","New York Knicks",109,91,18,200,12,10,22
"3532",2017-12-18,"Indiana Pacers","Boston Celtics",111,112,-1,223,9,6,15
"3533",2017-12-18,"Atlanta Hawks","Miami Heat",110,104,6,214,10,8,18
"3534",2017-12-18,"Chicago Bulls","Philadelphia 76ers",117,115,2,232,5,9,14
"3535",2017-12-18,"Houston Rockets","Utah Jazz",120,99,21,219,12,5,17
"3536",2017-12-18,"Minnesota Timberwolves","Portland Trail Blazers",108,107,1,215,11,7,18
"3537",2017-12-18,"Oklahoma City Thunder","Denver Nuggets",95,94,1,189,6,8,14
"3538",2017-12-18,"Dallas Mavericks","Phoenix Suns",91,97,-6,188,8,7,15
"3539",2017-12-18,"San Antonio Spurs","Los Angeles Clippers",109,91,18,200,8,8,16
"3540",2017-12-18,"Los Angeles Lakers","Golden State Warriors",114,116,-2,230,7,15,22
"3541",2017-12-17,"Toronto Raptors","Sacramento Kings",108,93,15,201,12,6,18
"3542",2017-12-17,"Detroit Pistons","Orlando Magic",114,110,4,224,7,8,15
"3543",2017-12-17,"Brooklyn Nets","Indiana Pacers",97,109,-12,206,7,6,13
"3544",2017-12-17,"Washington Wizards","Cleveland Cavaliers",99,106,-7,205,13,4,17
"3545",2017-12-16,"Charlotte Hornets","Portland Trail Blazers",91,93,-2,184,13,5,18
"3546",2017-12-16,"Cleveland Cavaliers","Utah Jazz",109,100,9,209,8,11,19
"3547",2017-12-16,"New York Knicks","Oklahoma City Thunder",111,96,15,207,6,16,22
"3548",2017-12-16,"Miami Heat","Los Angeles Clippers",90,85,5,175,9,12,21
"3549",2017-12-16,"Houston Rockets","Milwaukee Bucks",115,111,4,226,4,8,12
"3550",2017-12-16,"Minnesota Timberwolves","Phoenix Suns",106,108,-2,214,10,13,23
"3551",2017-12-16,"San Antonio Spurs","Dallas Mavericks",98,96,2,194,9,4,13
"3552",2017-12-16,"Memphis Grizzlies","Boston Celtics",93,102,-9,195,10,14,24
"3553",2017-12-15,"Charlotte Hornets","Miami Heat",98,104,-6,202,11,5,16
"3554",2017-12-15,"Indiana Pacers","Detroit Pistons",98,104,-6,202,15,11,26
"3555",2017-12-15,"Orlando Magic","Portland Trail Blazers",88,95,-7,183,8,6,14
"3556",2017-12-15,"Philadelphia 76ers","Oklahoma City Thunder",117,119,-2,236,7,18,25
"3557",2017-12-15,"Washington Wizards","Los Angeles Clippers",100,91,9,191,11,12,23
"3558",2017-12-15,"Boston Celtics","Utah Jazz",95,107,-12,202,2,9,11
"3559",2017-12-15,"Toronto Raptors","Brooklyn Nets",120,87,33,207,11,6,17
"3560",2017-12-15,"Memphis Grizzlies","Atlanta Hawks",96,94,2,190,10,7,17
"3561",2017-12-15,"Milwaukee Bucks","Chicago Bulls",109,115,-6,224,9,14,23
"3562",2017-12-15,"Denver Nuggets","New Orleans Pelicans",117,111,6,228,11,7,18
"3563",2017-12-15,"Houston Rockets","San Antonio Spurs",124,109,15,233,12,12,24
"3564",2017-12-14,"Atlanta Hawks","Detroit Pistons",91,105,-14,196,7,14,21
"3565",2017-12-14,"Brooklyn Nets","New York Knicks",104,111,-7,215,11,12,23
"3566",2017-12-14,"Cleveland Cavaliers","Los Angeles Lakers",121,112,9,233,8,16,24
"3567",2017-12-14,"Minnesota Timberwolves","Sacramento Kings",119,96,23,215,8,15,23
"3568",2017-12-14,"Golden State Warriors","Dallas Mavericks",112,97,15,209,4,8,12
"3569",2017-12-13,"Indiana Pacers","Oklahoma City Thunder",95,100,-5,195,11,17,28
"3570",2017-12-13,"Orlando Magic","Los Angeles Clippers",95,106,-11,201,7,6,13
"3571",2017-12-13,"Washington Wizards","Memphis Grizzlies",93,87,6,180,6,10,16
"3572",2017-12-13,"Boston Celtics","Denver Nuggets",124,118,6,242,4,20,24
"3573",2017-12-13,"Miami Heat","Portland Trail Blazers",95,102,-7,197,10,5,15
"3574",2017-12-13,"Chicago Bulls","Utah Jazz",103,100,3,203,9,5,14
"3575",2017-12-13,"New Orleans Pelicans","Milwaukee Bucks",115,108,7,223,9,15,24
"3576",2017-12-13,"Phoenix Suns","Toronto Raptors",109,115,-6,224,10,8,18
"3577",2017-12-13,"Houston Rockets","Charlotte Hornets",108,96,12,204,6,12,18
"3578",2017-12-12,"Cleveland Cavaliers","Atlanta Hawks",123,114,9,237,6,10,16
"3579",2017-12-12,"Detroit Pistons","Denver Nuggets",84,103,-19,187,11,6,17
"3580",2017-12-12,"New York Knicks","Los Angeles Lakers",113,109,4,222,15,20,35
"3581",2017-12-12,"Brooklyn Nets","Washington Wizards",103,98,5,201,9,12,21
"3582",2017-12-12,"Dallas Mavericks","San Antonio Spurs",95,89,6,184,8,10,18
"3583",2017-12-12,"Minnesota Timberwolves","Philadelphia 76ers",112,118,-6,230,17,7,24
"3584",2017-12-12,"Sacramento Kings","Phoenix Suns",99,92,7,191,11,13,24
"3585",2017-12-11,"Chicago Bulls","Boston Celtics",108,85,23,193,10,11,21
"3586",2017-12-11,"Houston Rockets","New Orleans Pelicans",130,123,7,253,4,6,10
"3587",2017-12-11,"Memphis Grizzlies","Miami Heat",82,107,-25,189,6,2,8
"3588",2017-12-11,"Oklahoma City Thunder","Charlotte Hornets",103,116,-13,219,11,9,20
"3589",2017-12-11,"Golden State Warriors","Portland Trail Blazers",111,104,7,215,6,12,18
"3590",2017-12-11,"Los Angeles Clippers","Toronto Raptors",96,91,5,187,14,3,17
"3591",2017-12-10,"Sacramento Kings","Toronto Raptors",87,102,-15,189,7,12,19
"3592",2017-12-10,"Detroit Pistons","Boston Celtics",81,91,-10,172,11,9,20
"3593",2017-12-10,"Indiana Pacers","Denver Nuggets",126,116,10,242,11,19,30
"3594",2017-12-10,"Minnesota Timberwolves","Dallas Mavericks",97,92,5,189,9,6,15
"3595",2017-12-10,"New Orleans Pelicans","Philadelphia 76ers",131,124,7,255,5,22,27
"3596",2017-12-10,"New York Knicks","Atlanta Hawks",111,107,4,218,6,6,12
"3597",2017-12-09,"Los Angeles Clippers","Washington Wizards",113,112,1,225,4,9,13
"3598",2017-12-09,"Brooklyn Nets","Miami Heat",89,101,-12,190,8,8,16
"3599",2017-12-09,"Charlotte Hornets","Los Angeles Lakers",99,110,-11,209,9,6,15
"3600",2017-12-09,"Atlanta Hawks","Orlando Magic",117,110,7,227,9,10,19
"3601",2017-12-09,"Cleveland Cavaliers","Philadelphia 76ers",105,98,7,203,6,7,13
"3602",2017-12-09,"Chicago Bulls","New York Knicks",104,102,2,206,8,8,16
"3603",2017-12-09,"Milwaukee Bucks","Utah Jazz",117,100,17,217,8,9,17
"3604",2017-12-09,"Memphis Grizzlies","Oklahoma City Thunder",101,102,-1,203,13,17,30
"3605",2017-12-09,"Phoenix Suns","San Antonio Spurs",101,104,-3,205,10,18,28
"3606",2017-12-09,"Portland Trail Blazers","Houston Rockets",117,124,-7,241,7,7,14
"3607",2017-12-08,"Charlotte Hornets","Chicago Bulls",111,119,-8,230,9,6,15
"3608",2017-12-08,"Detroit Pistons","Golden State Warriors",98,102,-4,200,15,5,20
"3609",2017-12-08,"Indiana Pacers","Cleveland Cavaliers",106,102,4,208,12,9,21
"3610",2017-12-08,"Orlando Magic","Denver Nuggets",89,103,-14,192,11,6,17
"3611",2017-12-08,"Memphis Grizzlies","Toronto Raptors",107,116,-9,223,11,10,21
"3612",2017-12-08,"Milwaukee Bucks","Dallas Mavericks",109,102,7,211,7,4,11
"3613",2017-12-08,"New Orleans Pelicans","Sacramento Kings",109,116,-7,225,7,11,18
"3614",2017-12-08,"San Antonio Spurs","Boston Celtics",105,102,3,207,14,11,25
"3615",2017-12-07,"Philadelphia 76ers","Los Angeles Lakers",104,107,-3,211,7,15,22
"3616",2017-12-07,"Phoenix Suns","Washington Wizards",99,109,-10,208,10,8,18
"3617",2017-12-07,"Brooklyn Nets","Oklahoma City Thunder",100,95,5,195,7,17,24
"3618",2017-12-07,"Utah Jazz","Houston Rockets",101,112,-11,213,4,8,12
"3619",2017-12-06,"Cleveland Cavaliers","Sacramento Kings",101,95,6,196,7,9,16
"3620",2017-12-06,"Indiana Pacers","Chicago Bulls",98,96,2,194,7,11,18
"3621",2017-12-06,"Orlando Magic","Atlanta Hawks",110,106,4,216,13,11,24
"3622",2017-12-06,"Boston Celtics","Dallas Mavericks",97,90,7,187,9,6,15
"3623",2017-12-06,"New York Knicks","Memphis Grizzlies",99,88,11,187,10,4,14
"3624",2017-12-06,"Charlotte Hornets","Golden State Warriors",87,101,-14,188,14,8,22
"3625",2017-12-06,"Milwaukee Bucks","Detroit Pistons",104,100,4,204,13,17,30
"3626",2017-12-06,"New Orleans Pelicans","Denver Nuggets",123,114,9,237,11,10,21
"3627",2017-12-06,"San Antonio Spurs","Miami Heat",117,105,12,222,10,6,16
"3628",2017-12-06,"Los Angeles Clippers","Minnesota Timberwolves",107,113,-6,220,17,8,25
"3629",2017-12-05,"Toronto Raptors","Phoenix Suns",126,113,13,239,8,0,8
"3630",2017-12-05,"Oklahoma City Thunder","Utah Jazz",100,94,6,194,12,9,21
"3631",2017-12-05,"Portland Trail Blazers","Washington Wizards",92,106,-14,198,7,11,18
"3632",2017-12-04,"Charlotte Hornets","Orlando Magic",104,94,10,198,11,5,16
"3633",2017-12-04,"Indiana Pacers","New York Knicks",115,97,18,212,7,15,22
"3634",2017-12-04,"Philadelphia 76ers","Phoenix Suns",101,115,-14,216,13,15,28
"3635",2017-12-04,"Atlanta Hawks","Brooklyn Nets",90,110,-20,200,9,12,21
"3636",2017-12-04,"Boston Celtics","Milwaukee Bucks",111,100,11,211,8,3,11
"3637",2017-12-04,"Chicago Bulls","Cleveland Cavaliers",91,113,-22,204,10,5,15
"3638",2017-12-04,"Memphis Grizzlies","Minnesota Timberwolves",95,92,3,187,6,7,13
"3639",2017-12-04,"New Orleans Pelicans","Golden State Warriors",115,125,-10,240,11,5,16
"3640",2017-12-04,"Dallas Mavericks","Denver Nuggets",122,105,17,227,5,15,20
"3641",2017-12-04,"San Antonio Spurs","Detroit Pistons",96,93,3,189,10,7,17
"3642",2017-12-04,"Utah Jazz","Washington Wizards",116,69,47,185,10,12,22
"3643",2017-12-03,"New York Knicks","Orlando Magic",100,105,-5,205,10,8,18
"3644",2017-12-03,"Miami Heat","Golden State Warriors",95,123,-28,218,5,7,12
"3645",2017-12-03,"Minnesota Timberwolves","Los Angeles Clippers",112,106,6,218,14,8,22
"3646",2017-12-03,"Oklahoma City Thunder","San Antonio Spurs",90,87,3,177,15,8,23
"3647",2017-12-03,"Los Angeles Lakers","Houston Rockets",95,118,-23,213,11,7,18
"3648",2017-12-02,"Boston Celtics","Phoenix Suns",116,111,5,227,4,16,20
"3649",2017-12-02,"Dallas Mavericks","Los Angeles Clippers",108,82,26,190,15,11,26
"3650",2017-12-02,"Brooklyn Nets","Atlanta Hawks",102,114,-12,216,12,13,25
"3651",2017-12-02,"Cleveland Cavaliers","Memphis Grizzlies",116,111,5,227,1,6,7
"3652",2017-12-02,"Philadelphia 76ers","Detroit Pistons",108,103,5,211,17,7,24
"3653",2017-12-02,"Milwaukee Bucks","Sacramento Kings",109,104,5,213,9,6,15
"3654",2017-12-02,"Denver Nuggets","Los Angeles Lakers",115,100,15,215,9,17,26
"3655",2017-12-02,"Portland Trail Blazers","New Orleans Pelicans",116,123,-7,239,9,4,13
"3656",2017-12-01,"Orlando Magic","Golden State Warriors",112,133,-21,245,13,7,20
"3657",2017-12-01,"Washington Wizards","Detroit Pistons",109,91,18,200,16,4,20
"3658",2017-12-01,"Toronto Raptors","Indiana Pacers",120,115,5,235,12,15,27
"3659",2017-12-01,"Miami Heat","Charlotte Hornets",105,100,5,205,9,10,19
"3660",2017-12-01,"Chicago Bulls","Sacramento Kings",106,107,-1,213,8,8,16
"3661",2017-12-01,"Memphis Grizzlies","San Antonio Spurs",79,95,-16,174,8,7,15
"3662",2017-12-01,"Oklahoma City Thunder","Minnesota Timberwolves",111,107,4,218,13,6,19
"3663",2017-12-01,"Utah Jazz","New Orleans Pelicans",114,108,6,222,8,6,14
"3664",2017-11-30,"Atlanta Hawks","Cleveland Cavaliers",114,121,-7,235,8,12,20
"3665",2017-11-30,"Boston Celtics","Philadelphia 76ers",108,97,11,205,7,15,22
"3666",2017-11-30,"Denver Nuggets","Chicago Bulls",111,110,1,221,11,6,17
"3667",2017-11-30,"Portland Trail Blazers","Milwaukee Bucks",91,103,-12,194,10,5,15
"3668",2017-11-30,"Los Angeles Clippers","Utah Jazz",107,126,-19,233,10,10,20
"3669",2017-11-29,"Detroit Pistons","Phoenix Suns",131,107,24,238,5,8,13
"3670",2017-11-29,"Orlando Magic","Oklahoma City Thunder",121,108,13,229,2,21,23
"3671",2017-11-29,"Philadelphia 76ers","Washington Wizards",118,113,5,231,21,7,28
"3672",2017-11-29,"New York Knicks","Miami Heat",115,86,29,201,8,9,17
"3673",2017-11-29,"Toronto Raptors","Charlotte Hornets",126,113,13,239,11,7,18
"3674",2017-11-29,"Houston Rockets","Indiana Pacers",118,97,21,215,10,6,16
"3675",2017-11-29,"New Orleans Pelicans","Minnesota Timberwolves",102,120,-18,222,8,10,18
"3676",2017-11-29,"Dallas Mavericks","Brooklyn Nets",104,109,-5,213,7,14,21
"3677",2017-11-29,"San Antonio Spurs","Memphis Grizzlies",104,95,9,199,5,11,16
"3678",2017-11-29,"Los Angeles Lakers","Golden State Warriors",123,127,-4,250,7,12,19
"3679",2017-11-28,"Cleveland Cavaliers","Miami Heat",108,97,11,205,5,8,13
"3680",2017-11-28,"Chicago Bulls","Phoenix Suns",99,104,-5,203,9,13,22
"3681",2017-11-28,"Minnesota Timberwolves","Washington Wizards",89,92,-3,181,13,9,22
"3682",2017-11-28,"Utah Jazz","Denver Nuggets",106,77,29,183,9,12,21
"3683",2017-11-28,"Sacramento Kings","Milwaukee Bucks",87,112,-25,199,9,1,10
"3684",2017-11-27,"Indiana Pacers","Orlando Magic",121,109,12,230,8,10,18
"3685",2017-11-27,"Philadelphia 76ers","Cleveland Cavaliers",91,113,-22,204,22,11,33
"3686",2017-11-27,"Boston Celtics","Detroit Pistons",108,118,-10,226,5,8,13
"3687",2017-11-27,"New York Knicks","Portland Trail Blazers",91,103,-12,194,14,5,19
"3688",2017-11-27,"Houston Rockets","Brooklyn Nets",117,103,14,220,8,6,14
"3689",2017-11-27,"San Antonio Spurs","Dallas Mavericks",115,108,7,223,4,4,8
"3690",2017-11-27,"Golden State Warriors","Sacramento Kings",106,110,-4,216,9,11,20
"3691",2017-11-27,"Los Angeles Clippers","Los Angeles Lakers",120,115,5,235,10,12,22
"3692",2017-11-26,"Chicago Bulls","Miami Heat",93,100,-7,193,7,1,8
"3693",2017-11-26,"Minnesota Timberwolves","Phoenix Suns",119,108,11,227,19,11,30
"3694",2017-11-26,"Memphis Grizzlies","Brooklyn Nets",88,98,-10,186,11,12,23
"3695",2017-11-25,"Charlotte Hornets","San Antonio Spurs",86,106,-20,192,14,8,22
"3696",2017-11-25,"Philadelphia 76ers","Orlando Magic",130,111,19,241,11,7,18
"3697",2017-11-25,"Washington Wizards","Portland Trail Blazers",105,108,-3,213,7,6,13
"3698",2017-11-25,"Atlanta Hawks","Toronto Raptors",78,112,-34,190,7,11,18
"3699",2017-11-25,"Indiana Pacers","Boston Celtics",98,108,-10,206,10,4,14
"3700",2017-11-25,"Houston Rockets","New York Knicks",117,102,15,219,9,6,15
"3701",2017-11-25,"Dallas Mavericks","Oklahoma City Thunder",97,81,16,178,8,8,16
"3702",2017-11-25,"Golden State Warriors","New Orleans Pelicans",110,95,15,205,11,9,20
"3703",2017-11-25,"Utah Jazz","Milwaukee Bucks",121,108,13,229,5,8,13
"3704",2017-11-25,"Sacramento Kings","Los Angeles Clippers",95,97,-2,192,8,6,14
"3705",2017-11-24,"Brooklyn Nets","Portland Trail Blazers",125,127,-2,252,13,12,25
"3706",2017-11-24,"Atlanta Hawks","New York Knicks",116,104,12,220,13,5,18
"3707",2017-11-24,"Boston Celtics","Orlando Magic",118,103,15,221,13,16,29
"3708",2017-11-24,"Cleveland Cavaliers","Charlotte Hornets",100,99,1,199,3,15,18
"3709",2017-11-24,"Indiana Pacers","Toronto Raptors",107,104,3,211,10,7,17
"3710",2017-11-24,"Minnesota Timberwolves","Miami Heat",97,109,-12,206,13,9,22
"3711",2017-11-24,"Oklahoma City Thunder","Detroit Pistons",98,99,-1,197,13,8,21
"3712",2017-11-24,"Denver Nuggets","Memphis Grizzlies",104,92,12,196,15,3,18
"3713",2017-11-24,"Phoenix Suns","New Orleans Pelicans",91,115,-24,206,15,13,28
"3714",2017-11-24,"Golden State Warriors","Chicago Bulls",143,94,49,237,6,13,19
"3715",2017-11-22,"Charlotte Hornets","Washington Wizards",129,124,5,253,14,9,23
"3716",2017-11-22,"Cleveland Cavaliers","Brooklyn Nets",119,109,10,228,4,8,12
"3717",2017-11-22,"Philadelphia 76ers","Portland Trail Blazers",101,81,20,182,11,11,22
"3718",2017-11-22,"Atlanta Hawks","Los Angeles Clippers",103,116,-13,219,9,6,15
"3719",2017-11-22,"Miami Heat","Boston Celtics",104,98,6,202,7,7,14
"3720",2017-11-22,"New York Knicks","Toronto Raptors",108,100,8,208,13,12,25
"3721",2017-11-22,"Houston Rockets","Denver Nuggets",125,95,30,220,8,15,23
"3722",2017-11-22,"Memphis Grizzlies","Dallas Mavericks",94,95,-1,189,6,4,10
"3723",2017-11-22,"Minnesota Timberwolves","Orlando Magic",124,118,6,242,10,7,17
"3724",2017-11-22,"New Orleans Pelicans","San Antonio Spurs",107,90,17,197,7,8,15
"3725",2017-11-22,"Oklahoma City Thunder","Golden State Warriors",108,91,17,199,13,7,20
"3726",2017-11-22,"Phoenix Suns","Milwaukee Bucks",107,113,-6,220,22,13,35
"3727",2017-11-22,"Utah Jazz","Chicago Bulls",110,80,30,190,8,8,16
"3728",2017-11-22,"Sacramento Kings","Los Angeles Lakers",113,102,11,215,10,4,14
"3729",2017-11-21,"Los Angeles Lakers","Chicago Bulls",103,94,9,197,12,15,27
"3730",2017-11-20,"Charlotte Hornets","Minnesota Timberwolves",118,102,16,220,11,10,21
"3731",2017-11-20,"Detroit Pistons","Cleveland Cavaliers",88,116,-28,204,7,7,14
"3732",2017-11-20,"Orlando Magic","Indiana Pacers",97,105,-8,202,11,8,19
"3733",2017-11-20,"Philadelphia 76ers","Utah Jazz",107,86,21,193,9,7,16
"3734",2017-11-20,"New York Knicks","Los Angeles Clippers",107,85,22,192,14,10,24
"3735",2017-11-20,"Memphis Grizzlies","Portland Trail Blazers",92,100,-8,192,5,15,20
"3736",2017-11-20,"Milwaukee Bucks","Washington Wizards",88,99,-11,187,6,8,14
"3737",2017-11-20,"New Orleans Pelicans","Oklahoma City Thunder",114,107,7,221,7,9,16
"3738",2017-11-20,"Dallas Mavericks","Boston Celtics",102,110,-8,212,8,5,13
"3739",2017-11-20,"San Antonio Spurs","Atlanta Hawks",96,85,11,181,14,9,23
"3740",2017-11-20,"Sacramento Kings","Denver Nuggets",98,114,-16,212,5,14,19
"3741",2017-11-19,"Toronto Raptors","Washington Wizards",100,91,9,191,11,8,19
"3742",2017-11-19,"Miami Heat","Indiana Pacers",95,120,-25,215,10,9,19
"3743",2017-11-19,"Brooklyn Nets","Golden State Warriors",111,118,-7,229,13,6,19
"3744",2017-11-19,"Minnesota Timberwolves","Detroit Pistons",97,100,-3,197,6,11,17
"3745",2017-11-19,"Phoenix Suns","Chicago Bulls",113,105,8,218,9,12,21
"3746",2017-11-19,"Los Angeles Lakers","Denver Nuggets",127,109,18,236,13,17,30
"3747",2017-11-18,"Charlotte Hornets","Los Angeles Clippers",102,87,15,189,8,7,15
"3748",2017-11-18,"Orlando Magic","Utah Jazz",85,125,-40,210,11,14,25
"3749",2017-11-18,"Atlanta Hawks","Boston Celtics",99,110,-11,209,6,9,15
"3750",2017-11-18,"Philadelphia 76ers","Golden State Warriors",116,124,-8,240,11,11,22
"3751",2017-11-18,"Memphis Grizzlies","Houston Rockets",83,105,-22,188,15,9,24
"3752",2017-11-18,"Dallas Mavericks","Milwaukee Bucks",111,79,32,190,7,8,15
"3753",2017-11-18,"Portland Trail Blazers","Sacramento Kings",102,90,12,192,5,9,14
"3754",2017-11-17,"Indiana Pacers","Detroit Pistons",107,100,7,207,13,11,24
"3755",2017-11-17,"Washington Wizards","Miami Heat",88,91,-3,179,7,10,17
"3756",2017-11-17,"Brooklyn Nets","Utah Jazz",118,107,11,225,4,10,14
"3757",2017-11-17,"Cleveland Cavaliers","Los Angeles Clippers",118,113,5,231,8,13,21
"3758",2017-11-17,"Toronto Raptors","New York Knicks",107,84,23,191,3,14,17
"3759",2017-11-17,"Chicago Bulls","Charlotte Hornets",123,120,3,243,4,5,9
"3760",2017-11-17,"San Antonio Spurs","Oklahoma City Thunder",104,101,3,205,12,13,25
"3761",2017-11-17,"Dallas Mavericks","Minnesota Timberwolves",87,111,-24,198,11,11,22
"3762",2017-11-17,"Sacramento Kings","Portland Trail Blazers",86,82,4,168,12,11,23
"3763",2017-11-17,"Denver Nuggets","New Orleans Pelicans",146,114,32,260,13,8,21
"3764",2017-11-17,"Los Angeles Lakers","Phoenix Suns",113,122,-9,235,9,9,18
"3765",2017-11-16,"Boston Celtics","Golden State Warriors",92,88,4,180,7,7,14
"3766",2017-11-16,"Phoenix Suns","Houston Rockets",116,142,-26,258,16,12,28
"3767",2017-11-15,"Atlanta Hawks","Sacramento Kings",126,80,46,206,9,11,20
"3768",2017-11-15,"Miami Heat","Washington Wizards",93,102,-9,195,12,11,23
"3769",2017-11-15,"New York Knicks","Utah Jazz",106,101,5,207,12,9,21
"3770",2017-11-15,"Charlotte Hornets","Cleveland Cavaliers",107,115,-8,222,8,16,24
"3771",2017-11-15,"Memphis Grizzlies","Indiana Pacers",113,116,-3,229,11,5,16
"3772",2017-11-15,"Milwaukee Bucks","Detroit Pistons",99,95,4,194,11,17,28
"3773",2017-11-15,"Minnesota Timberwolves","San Antonio Spurs",98,86,12,184,11,13,24
"3774",2017-11-15,"New Orleans Pelicans","Toronto Raptors",116,125,-9,241,10,6,16
"3775",2017-11-15,"Oklahoma City Thunder","Chicago Bulls",92,79,13,171,11,6,17
"3776",2017-11-15,"Portland Trail Blazers","Orlando Magic",99,94,5,193,10,7,17
"3777",2017-11-15,"Los Angeles Lakers","Philadelphia 76ers",109,115,-6,224,22,8,30
"3778",2017-11-14,"Brooklyn Nets","Boston Celtics",102,109,-7,211,9,9,18
"3779",2017-11-14,"Houston Rockets","Toronto Raptors",113,129,-16,242,14,5,19
"3780",2017-11-14,"Dallas Mavericks","San Antonio Spurs",91,97,-6,188,5,8,13
"3781",2017-11-13,"Washington Wizards","Sacramento Kings",110,92,18,202,10,10,20
"3782",2017-11-13,"New York Knicks","Cleveland Cavaliers",101,104,-3,205,13,14,27
"3783",2017-11-13,"Milwaukee Bucks","Memphis Grizzlies",110,103,7,213,10,8,18
"3784",2017-11-13,"New Orleans Pelicans","Atlanta Hawks",106,105,1,211,7,10,17
"3785",2017-11-13,"Phoenix Suns","Los Angeles Lakers",93,100,-7,193,11,9,20
"3786",2017-11-13,"Utah Jazz","Minnesota Timberwolves",98,109,-11,207,8,5,13
"3787",2017-11-13,"Portland Trail Blazers","Denver Nuggets",99,82,17,181,8,12,20
"3788",2017-11-13,"Golden State Warriors","Orlando Magic",110,100,10,210,12,4,16
"3789",2017-11-13,"Los Angeles Clippers","Philadelphia 76ers",105,109,-4,214,9,10,19
"3790",2017-11-12,"Boston Celtics","Toronto Raptors",95,94,1,189,15,6,21
"3791",2017-11-12,"Detroit Pistons","Miami Heat",112,103,9,215,11,7,18
"3792",2017-11-12,"Indiana Pacers","Houston Rockets",95,118,-23,213,7,10,17
"3793",2017-11-12,"Oklahoma City Thunder","Dallas Mavericks",112,99,13,211,3,11,14
"3794",2017-11-11,"Washington Wizards","Atlanta Hawks",113,94,19,207,11,10,21
"3795",2017-11-11,"New Orleans Pelicans","Los Angeles Clippers",111,103,8,214,8,8,16
"3796",2017-11-11,"New York Knicks","Sacramento Kings",118,91,27,209,8,11,19
"3797",2017-11-11,"Houston Rockets","Memphis Grizzlies",111,96,15,207,11,5,16
"3798",2017-11-11,"Dallas Mavericks","Cleveland Cavaliers",104,111,-7,215,9,10,19
"3799",2017-11-11,"Milwaukee Bucks","Los Angeles Lakers",98,90,8,188,9,8,17
"3800",2017-11-11,"San Antonio Spurs","Chicago Bulls",133,94,39,227,8,5,13
"3801",2017-11-11,"Golden State Warriors","Philadelphia 76ers",135,114,21,249,4,13,17
"3802",2017-11-11,"Denver Nuggets","Orlando Magic",125,107,18,232,13,8,21
"3803",2017-11-11,"Phoenix Suns","Minnesota Timberwolves",118,110,8,228,7,19,26
"3804",2017-11-11,"Utah Jazz","Brooklyn Nets",114,106,8,220,12,10,22
"3805",2017-11-10,"Detroit Pistons","Atlanta Hawks",111,104,7,215,20,11,31
"3806",2017-11-10,"Boston Celtics","Charlotte Hornets",90,87,3,177,9,7,16
"3807",2017-11-10,"Chicago Bulls","Indiana Pacers",87,105,-18,192,11,7,18
"3808",2017-11-10,"Oklahoma City Thunder","Los Angeles Clippers",120,111,9,231,11,16,27
"3809",2017-11-10,"San Antonio Spurs","Milwaukee Bucks",87,94,-7,181,9,11,20
"3810",2017-11-10,"Phoenix Suns","Orlando Magic",112,128,-16,240,12,7,19
"3811",2017-11-10,"Utah Jazz","Miami Heat",74,84,-10,158,4,7,11
"3812",2017-11-10,"Portland Trail Blazers","Brooklyn Nets",97,101,-4,198,12,11,23
"3813",2017-11-09,"Washington Wizards","Los Angeles Lakers",111,95,16,206,7,17,24
"3814",2017-11-09,"Toronto Raptors","New Orleans Pelicans",122,118,4,240,10,4,14
"3815",2017-11-09,"Houston Rockets","Cleveland Cavaliers",117,113,4,230,17,4,21
"3816",2017-11-09,"Sacramento Kings","Philadelphia 76ers",109,108,1,217,8,13,21
"3817",2017-11-09,"Denver Nuggets","Oklahoma City Thunder",102,94,8,196,14,18,32
"3818",2017-11-08,"Detroit Pistons","Indiana Pacers",114,97,17,211,8,7,15
"3819",2017-11-08,"Orlando Magic","New York Knicks",112,99,13,211,6,12,18
"3820",2017-11-08,"Boston Celtics","Los Angeles Lakers",107,96,11,203,16,12,28
"3821",2017-11-08,"Phoenix Suns","Miami Heat",115,126,-11,241,6,11,17
"3822",2017-11-08,"Golden State Warriors","Minnesota Timberwolves",125,101,24,226,3,9,12
"3823",2017-11-07,"Cleveland Cavaliers","Milwaukee Bucks",124,119,5,243,12,8,20
"3824",2017-11-07,"Indiana Pacers","New Orleans Pelicans",112,117,-5,229,11,11,22
"3825",2017-11-07,"Washington Wizards","Dallas Mavericks",99,113,-14,212,3,11,14
"3826",2017-11-07,"New York Knicks","Charlotte Hornets",118,113,5,231,6,17,23
"3827",2017-11-07,"Toronto Raptors","Chicago Bulls",119,114,5,233,7,8,15
"3828",2017-11-07,"San Antonio Spurs","Los Angeles Clippers",120,107,13,227,11,10,21
"3829",2017-11-07,"Denver Nuggets","Brooklyn Nets",112,104,8,216,9,8,17
"3830",2017-11-07,"Utah Jazz","Philadelphia 76ers",97,104,-7,201,14,8,22
"3831",2017-11-07,"Portland Trail Blazers","Memphis Grizzlies",97,98,-1,195,10,5,15
"3832",2017-11-07,"Sacramento Kings","Oklahoma City Thunder",94,86,8,180,5,9,14
"3833",2017-11-06,"Atlanta Hawks","Boston Celtics",107,110,-3,217,5,7,12
"3834",2017-11-06,"Phoenix Suns","Brooklyn Nets",92,98,-6,190,14,11,25
"3835",2017-11-06,"Golden State Warriors","Miami Heat",97,80,17,177,13,7,20
"3836",2017-11-05,"Cleveland Cavaliers","Atlanta Hawks",115,117,-2,232,15,11,26
"3837",2017-11-05,"Los Angeles Clippers","Miami Heat",101,104,-3,205,18,10,28
"3838",2017-11-05,"Orlando Magic","Boston Celtics",88,104,-16,192,10,9,19
"3839",2017-11-05,"Toronto Raptors","Washington Wizards",96,107,-11,203,9,11,20
"3840",2017-11-05,"Houston Rockets","Utah Jazz",137,110,27,247,5,8,13
"3841",2017-11-05,"San Antonio Spurs","Phoenix Suns",112,95,17,207,8,11,19
"3842",2017-11-05,"New York Knicks","Indiana Pacers",108,101,7,209,12,4,16
"3843",2017-11-05,"Minnesota Timberwolves","Charlotte Hornets",112,94,18,206,12,10,22
"3844",2017-11-05,"Portland Trail Blazers","Oklahoma City Thunder",103,99,4,202,7,6,13
"3845",2017-11-05,"Los Angeles Lakers","Memphis Grizzlies",107,102,5,209,8,6,14
"3846",2017-11-04,"Los Angeles Clippers","Memphis Grizzlies",104,113,-9,217,15,9,24
"3847",2017-11-04,"Detroit Pistons","Sacramento Kings",108,99,9,207,8,3,11
"3848",2017-11-04,"Chicago Bulls","New Orleans Pelicans",90,96,-6,186,16,5,21
"3849",2017-11-04,"Minnesota Timberwolves","Dallas Mavericks",112,99,13,211,10,7,17
"3850",2017-11-04,"Denver Nuggets","Golden State Warriors",108,127,-19,235,9,7,16
"3851",2017-11-03,"Detroit Pistons","Milwaukee Bucks",105,96,9,201,7,7,14
"3852",2017-11-03,"Orlando Magic","Chicago Bulls",83,105,-22,188,7,9,16
"3853",2017-11-03,"Philadelphia 76ers","Indiana Pacers",121,110,11,231,12,8,20
"3854",2017-11-03,"Washington Wizards","Cleveland Cavaliers",122,130,-8,252,9,8,17
"3855",2017-11-03,"Atlanta Hawks","Houston Rockets",104,119,-15,223,5,9,14
"3856",2017-11-03,"New York Knicks","Phoenix Suns",120,107,13,227,9,20,29
"3857",2017-11-03,"Dallas Mavericks","New Orleans Pelicans",94,99,-5,193,9,9,18
"3858",2017-11-03,"San Antonio Spurs","Charlotte Hornets",108,101,7,209,7,11,18
"3859",2017-11-03,"Denver Nuggets","Miami Heat",95,94,1,189,13,8,21
"3860",2017-11-03,"Utah Jazz","Toronto Raptors",100,109,-9,209,10,5,15
"3861",2017-11-03,"Oklahoma City Thunder","Boston Celtics",94,101,-7,195,11,11,22
"3862",2017-11-03,"Los Angeles Lakers","Brooklyn Nets",124,112,12,236,7,8,15
"3863",2017-11-02,"San Antonio Spurs","Golden State Warriors",92,112,-20,204,14,5,19
"3864",2017-11-02,"Portland Trail Blazers","Los Angeles Lakers",113,110,3,223,10,2,12
"3865",2017-11-01,"Charlotte Hornets","Milwaukee Bucks",126,121,5,247,7,9,16
"3866",2017-11-01,"Cleveland Cavaliers","Indiana Pacers",107,124,-17,231,8,8,16
"3867",2017-11-01,"Philadelphia 76ers","Atlanta Hawks",119,109,10,228,15,12,27
"3868",2017-11-01,"Washington Wizards","Phoenix Suns",116,122,-6,238,15,11,26
"3869",2017-11-01,"Boston Celtics","Sacramento Kings",113,86,27,199,16,7,23
"3870",2017-11-01,"Miami Heat","Chicago Bulls",97,91,6,188,3,7,10
"3871",2017-11-01,"New York Knicks","Houston Rockets",97,119,-22,216,6,9,15
"3872",2017-11-01,"Memphis Grizzlies","Orlando Magic",99,101,-2,200,5,6,11
"3873",2017-11-01,"New Orleans Pelicans","Minnesota Timberwolves",98,104,-6,202,9,11,20
"3874",2017-11-01,"Denver Nuggets","Toronto Raptors",129,111,18,240,9,9,18
"3875",2017-11-01,"Utah Jazz","Portland Trail Blazers",112,103,9,215,10,11,21
"3876",2017-11-01,"Los Angeles Clippers","Dallas Mavericks",119,98,21,217,7,9,16
"3877",2017-10-31,"Indiana Pacers","Sacramento Kings",101,83,18,184,14,8,22
"3878",2017-10-31,"Brooklyn Nets","Phoenix Suns",114,122,-8,236,7,10,17
"3879",2017-10-31,"Milwaukee Bucks","Oklahoma City Thunder",91,110,-19,201,4,9,13
"3880",2017-10-31,"Los Angeles Lakers","Detroit Pistons",113,93,20,206,11,10,21
"3881",2017-10-30,"Boston Celtics","San Antonio Spurs",108,94,14,202,15,12,27
"3882",2017-10-30,"Miami Heat","Minnesota Timberwolves",122,125,-3,247,15,10,25
"3883",2017-10-30,"New York Knicks","Denver Nuggets",116,110,6,226,11,13,24
"3884",2017-10-30,"Houston Rockets","Philadelphia 76ers",107,115,-8,222,10,7,17
"3885",2017-10-30,"Memphis Grizzlies","Charlotte Hornets",99,104,-5,203,11,10,21
"3886",2017-10-30,"New Orleans Pelicans","Orlando Magic",99,115,-16,214,9,6,15
"3887",2017-10-30,"Utah Jazz","Dallas Mavericks",104,89,15,193,6,9,15
"3888",2017-10-30,"Portland Trail Blazers","Toronto Raptors",85,99,-14,184,6,8,14
"3889",2017-10-30,"Los Angeles Clippers","Golden State Warriors",113,141,-28,254,9,14,23
"3890",2017-10-29,"Atlanta Hawks","Milwaukee Bucks",106,117,-11,223,3,5,8
"3891",2017-10-29,"Indiana Pacers","San Antonio Spurs",97,94,3,191,6,12,18
"3892",2017-10-29,"Brooklyn Nets","Denver Nuggets",111,124,-13,235,17,4,21
"3893",2017-10-29,"Charlotte Hornets","Orlando Magic",120,113,7,233,12,9,21
"3894",2017-10-29,"Sacramento Kings","Washington Wizards",83,110,-27,193,11,13,24
"3895",2017-10-29,"Cleveland Cavaliers","New York Knicks",95,114,-19,209,7,11,18
"3896",2017-10-29,"Golden State Warriors","Detroit Pistons",107,115,-8,222,10,17,27
"3897",2017-10-28,"New Orleans Pelicans","Cleveland Cavaliers",123,101,22,224,10,5,15
"3898",2017-10-28,"Miami Heat","Boston Celtics",90,96,-6,186,6,11,17
"3899",2017-10-28,"Chicago Bulls","Oklahoma City Thunder",69,101,-32,170,12,11,23
"3900",2017-10-28,"Memphis Grizzlies","Houston Rockets",103,89,14,192,6,8,14
"3901",2017-10-28,"Dallas Mavericks","Philadelphia 76ers",110,112,-2,222,3,11,14
"3902",2017-10-28,"Utah Jazz","Los Angeles Lakers",96,81,15,177,14,14,28
"3903",2017-10-28,"Portland Trail Blazers","Phoenix Suns",114,107,7,221,12,12,24
"3904",2017-10-28,"Los Angeles Clippers","Detroit Pistons",87,95,-8,182,15,12,27
"3905",2017-10-27,"Charlotte Hornets","Houston Rockets",93,109,-16,202,11,7,18
"3906",2017-10-27,"Orlando Magic","San Antonio Spurs",114,87,27,201,6,17,23
"3907",2017-10-27,"Atlanta Hawks","Denver Nuggets",100,105,-5,205,11,11,22
"3908",2017-10-27,"New York Knicks","Brooklyn Nets",107,86,21,193,19,5,24
"3909",2017-10-27,"Minnesota Timberwolves","Oklahoma City Thunder",119,116,3,235,17,11,28
"3910",2017-10-27,"Golden State Warriors","Washington Wizards",120,117,3,237,15,12,27
"3911",2017-10-27,"Los Angeles Lakers","Toronto Raptors",92,101,-9,193,9,9,18
"3912",2017-10-26,"Chicago Bulls","Atlanta Hawks",91,86,5,177,18,7,25
"3913",2017-10-26,"Memphis Grizzlies","Dallas Mavericks",96,91,5,187,9,18,27
"3914",2017-10-26,"Milwaukee Bucks","Boston Celtics",89,96,-7,185,2,6,8
"3915",2017-10-26,"Portland Trail Blazers","Los Angeles Clippers",103,104,-1,207,16,14,30
"3916",2017-10-26,"Sacramento Kings","New Orleans Pelicans",106,114,-8,220,5,10,15
"3917",2017-10-25,"Charlotte Hornets","Denver Nuggets",110,93,17,203,10,18,28
"3918",2017-10-25,"Detroit Pistons","Minnesota Timberwolves",122,101,21,223,12,7,19
"3919",2017-10-25,"Philadelphia 76ers","Houston Rockets",104,105,-1,209,12,7,19
"3920",2017-10-25,"Brooklyn Nets","Cleveland Cavaliers",112,107,5,219,10,9,19
"3921",2017-10-25,"Miami Heat","San Antonio Spurs",100,117,-17,217,4,8,12
"3922",2017-10-25,"Oklahoma City Thunder","Indiana Pacers",114,96,18,210,16,14,30
"3923",2017-10-25,"Dallas Mavericks","Memphis Grizzlies",103,94,9,197,4,6,10
"3924",2017-10-25,"Phoenix Suns","Utah Jazz",97,88,9,185,16,7,23
"3925",2017-10-25,"Golden State Warriors","Toronto Raptors",117,112,5,229,6,17,23
"3926",2017-10-25,"Los Angeles Lakers","Washington Wizards",102,99,3,201,6,7,13
"3927",2017-10-24,"Cleveland Cavaliers","Chicago Bulls",119,112,7,231,8,8,16
"3928",2017-10-24,"Orlando Magic","Brooklyn Nets",125,121,4,246,6,14,20
"3929",2017-10-24,"Boston Celtics","New York Knicks",110,89,21,199,5,11,16
"3930",2017-10-24,"Minnesota Timberwolves","Indiana Pacers",107,130,-23,237,9,8,17
"3931",2017-10-24,"Portland Trail Blazers","New Orleans Pelicans",103,93,10,196,18,4,22
"3932",2017-10-24,"Los Angeles Clippers","Utah Jazz",102,84,18,186,11,8,19
"3933",2017-10-23,"Detroit Pistons","Philadelphia 76ers",86,97,-11,183,9,8,17
"3934",2017-10-23,"Miami Heat","Atlanta Hawks",104,93,11,197,10,6,16
"3935",2017-10-23,"Houston Rockets","Memphis Grizzlies",90,98,-8,188,9,3,12
"3936",2017-10-23,"Milwaukee Bucks","Charlotte Hornets",103,94,9,197,5,10,15
"3937",2017-10-23,"Dallas Mavericks","Golden State Warriors",103,133,-30,236,14,10,24
"3938",2017-10-23,"San Antonio Spurs","Toronto Raptors",101,97,4,198,18,5,23
"3939",2017-10-23,"Denver Nuggets","Washington Wizards",104,109,-5,213,9,10,19
"3940",2017-10-23,"Phoenix Suns","Sacramento Kings",117,115,2,232,6,13,19
"3941",2017-10-22,"Brooklyn Nets","Atlanta Hawks",116,104,12,220,13,16,29
"3942",2017-10-22,"Oklahoma City Thunder","Minnesota Timberwolves",113,115,-2,228,9,10,19
"3943",2017-10-22,"Los Angeles Lakers","New Orleans Pelicans",112,119,-7,231,9,6,15
"3944",2017-10-21,"Toronto Raptors","Philadelphia 76ers",128,94,34,222,8,8,16
"3945",2017-10-21,"Cleveland Cavaliers","Orlando Magic",93,114,-21,207,11,12,23
"3946",2017-10-21,"Miami Heat","Indiana Pacers",112,108,4,220,6,13,19
"3947",2017-10-21,"New York Knicks","Detroit Pistons",107,111,-4,218,12,15,27
"3948",2017-10-21,"Chicago Bulls","San Antonio Spurs",77,87,-10,164,8,14,22
"3949",2017-10-21,"Houston Rockets","Dallas Mavericks",107,91,16,198,8,8,16
"3950",2017-10-21,"Memphis Grizzlies","Golden State Warriors",111,101,10,212,6,12,18
"3951",2017-10-21,"Milwaukee Bucks","Portland Trail Blazers",113,110,3,223,7,13,20
"3952",2017-10-21,"Denver Nuggets","Sacramento Kings",96,79,17,175,18,12,30
"3953",2017-10-21,"Utah Jazz","Oklahoma City Thunder",96,87,9,183,7,8,15
"3954",2017-10-21,"Los Angeles Clippers","Phoenix Suns",130,88,42,218,10,4,14
"3955",2017-10-20,"Charlotte Hornets","Atlanta Hawks",109,91,18,200,12,6,18
"3956",2017-10-20,"Indiana Pacers","Portland Trail Blazers",96,114,-18,210,6,11,17
"3957",2017-10-20,"Philadelphia 76ers","Boston Celtics",92,102,-10,194,14,14,28
"3958",2017-10-20,"Washington Wizards","Detroit Pistons",115,111,4,226,7,10,17
"3959",2017-10-20,"Milwaukee Bucks","Cleveland Cavaliers",97,116,-19,213,8,9,17
"3960",2017-10-20,"Brooklyn Nets","Orlando Magic",126,121,5,247,15,9,24
"3961",2017-10-20,"Minnesota Timberwolves","Utah Jazz",100,97,3,197,10,7,17
"3962",2017-10-20,"Dallas Mavericks","Sacramento Kings",88,93,-5,181,7,16,23
"3963",2017-10-20,"New Orleans Pelicans","Golden State Warriors",120,128,-8,248,16,10,26
"3964",2017-10-20,"Phoenix Suns","Los Angeles Lakers",130,132,-2,262,10,5,15
"3965",2017-10-19,"Toronto Raptors","Chicago Bulls",117,100,17,217,13,10,23
"3966",2017-10-19,"Oklahoma City Thunder","New York Knicks",105,84,21,189,13,11,24
"3967",2017-10-19,"Los Angeles Lakers","Los Angeles Clippers",92,108,-16,200,12,17,29
"3968",2017-10-18,"Detroit Pistons","Charlotte Hornets",102,90,12,192,9,3,12
"3969",2017-10-18,"Indiana Pacers","Brooklyn Nets",140,131,9,271,14,11,25
"3970",2017-10-18,"Orlando Magic","Miami Heat",116,109,7,225,11,11,22
"3971",2017-10-18,"Washington Wizards","Philadelphia 76ers",120,115,5,235,16,11,27
"3972",2017-10-18,"Boston Celtics","Milwaukee Bucks",100,108,-8,208,11,6,17
"3973",2017-10-18,"Memphis Grizzlies","New Orleans Pelicans",103,91,12,194,15,16,31
"3974",2017-10-18,"Dallas Mavericks","Atlanta Hawks",111,117,-6,228,9,14,23
"3975",2017-10-18,"Utah Jazz","Denver Nuggets",106,96,10,202,6,7,13
"3976",2017-10-18,"San Antonio Spurs","Minnesota Timberwolves",107,99,8,206,12,11,23
"3977",2017-10-18,"Phoenix Suns","Portland Trail Blazers",76,124,-48,200,10,15,25
"3978",2017-10-18,"Sacramento Kings","Houston Rockets",100,105,-5,205,9,12,21
"3979",2017-10-17,"Cleveland Cavaliers","Boston Celtics",102,99,3,201,9,9,18
"3980",2017-10-17,"Golden State Warriors","Houston Rockets",121,122,-1,243,6,10,16
"3981",2017-10-13,"Charlotte Hornets","Dallas Mavericks",111,96,15,207,9,6,15
"3982",2017-10-13,"Orlando Magic","Cleveland Cavaliers",106,113,-7,219,10,11,21
"3983",2017-10-13,"New York Knicks","Washington Wizards",103,110,-7,213,8,10,18
"3984",2017-10-13,"Chicago Bulls","Toronto Raptors",104,125,-21,229,5,7,12
"3985",2017-10-13,"Memphis Grizzlies","New Orleans Pelicans",142,101,41,243,10,7,17
"3986",2017-10-13,"Houston Rockets","San Antonio Spurs",97,106,-9,203,13,10,23
"3987",2017-10-13,"Philadelphia 76ers","Miami Heat",119,95,24,214,5,9,14
"3988",2017-10-13,"Milwaukee Bucks","Detroit Pistons",107,103,4,210,8,19,27
"3989",2017-10-13,"Golden State Warriors","Sacramento Kings",117,106,11,223,21,13,34
"3990",2017-10-13,"Los Angeles Clippers","Los Angeles Lakers",104,111,-7,215,7,13,20
"3991",2017-10-12,"Atlanta Hawks","Dallas Mavericks",94,108,-14,202,10,11,21
"3992",2017-10-12,"Los Angeles Clippers","Sacramento Kings",104,87,17,191,5,6,11
"3993",2017-10-11,"Charlotte Hornets","Boston Celtics",100,108,-8,208,12,4,16
"3994",2017-10-11,"Brooklyn Nets","Philadelphia 76ers",114,133,-19,247,7,11,18
"3995",2017-10-11,"Miami Heat","Washington Wizards",117,115,2,232,7,12,19
"3996",2017-10-11,"Memphis Grizzlies","Houston Rockets",89,101,-12,190,6,6,12
"3997",2017-10-11,"Phoenix Suns","Portland Trail Blazers",104,113,-9,217,9,13,22
"3998",2017-10-10,"Toronto Raptors","Detroit Pistons",116,94,22,210,6,7,13
"3999",2017-10-10,"Cleveland Cavaliers","Chicago Bulls",94,108,-14,202,6,11,17
"4000",2017-10-10,"San Antonio Spurs","Orlando Magic",98,103,-5,201,8,8,16
"4001",2017-10-10,"Denver Nuggets","Oklahoma City Thunder",86,96,-10,182,11,12,23
"4002",2017-10-10,"Los Angeles Lakers","Utah Jazz",99,105,-6,204,6,10,16
"4003",2017-10-09,"Detroit Pistons","Indiana Pacers",107,97,10,204,10,4,14
"4004",2017-10-09,"Boston Celtics","Philadelphia 76ers",113,96,17,209,10,5,15
"4005",2017-10-09,"New York Knicks","Houston Rockets",95,117,-22,212,9,7,16
"4006",2017-10-09,"Atlanta Hawks","Memphis Grizzlies",100,88,12,188,7,6,13
"4007",2017-10-09,"Miami Heat","Charlotte Hornets",109,106,3,215,11,13,24
"4008",2017-10-09,"Dallas Mavericks","Orlando Magic",99,96,3,195,7,5,12
"4009",2017-10-09,"Phoenix Suns","Utah Jazz",102,120,-18,222,8,8,16
"4010",2017-10-09,"Sacramento Kings","Portland Trail Blazers",83,97,-14,180,9,10,19
"4011",2017-10-08,"Minnesota Timberwolves","Golden State Warriors",110,142,-32,252,6,7,13
"4012",2017-10-08,"Washington Wizards","Cleveland Cavaliers",102,94,8,196,10,5,15
"4013",2017-10-08,"Los Angeles Clippers","Portland Trail Blazers",106,134,-28,240,12,8,20
"4014",2017-10-08,"San Antonio Spurs","Denver Nuggets",122,100,22,222,5,10,15
"4015",2017-10-08,"Chicago Bulls","New Orleans Pelicans",95,108,-13,203,13,10,23
"4016",2017-10-08,"Brooklyn Nets","New York Knicks",117,83,34,200,10,9,19
"4017",2017-10-08,"Los Angeles Lakers","Sacramento Kings",75,69,6,144,2,5,7
"4018",2017-10-07,"Orlando Magic","Miami Heat",93,90,3,183,12,9,21
"4019",2017-10-06,"Philadelphia 76ers","Boston Celtics",102,110,-8,212,10,17,27
"4020",2017-10-06,"Washington Wizards","New York Knicks",104,100,4,204,5,9,14
"4021",2017-10-06,"Detroit Pistons","Atlanta Hawks",109,87,22,196,14,7,21
"4022",2017-10-06,"Cleveland Cavaliers","Indiana Pacers",102,106,-4,208,12,7,19
"4023",2017-10-06,"Chicago Bulls","Milwaukee Bucks",114,101,13,215,7,5,12
"4024",2017-10-06,"Oklahoma City Thunder","New Orleans Pelicans",102,91,11,193,3,6,9
"4025",2017-10-06,"San Antonio Spurs","Sacramento Kings",113,93,20,206,11,10,21
"4026",2017-10-06,"Utah Jazz","Phoenix Suns",112,101,11,213,19,4,23
"4027",2017-10-05,"Golden State Warriors","Minnesota Timberwolves",95,111,-16,206,8,15,23
"4028",2017-10-05,"Orlando Magic","Dallas Mavericks",112,89,23,201,9,16,25
"4029",2017-10-05,"Brooklyn Nets","Miami Heat",107,88,19,195,15,9,24
"4030",2017-10-05,"Portland Trail Blazers","Toronto Raptors",106,101,5,207,11,4,15
"4031",2017-10-04,"Los Angeles Clippers","Toronto Raptors",98,84,14,182,7,16,23
"4032",2017-10-04,"Philadelphia 76ers","Memphis Grizzlies",89,110,-21,199,3,12,15
"4033",2017-10-04,"Cleveland Cavaliers","Atlanta Hawks",93,109,-16,202,9,6,15
"4034",2017-10-04,"Detroit Pistons","Charlotte Hornets",104,109,-5,213,7,8,15
"4035",2017-10-04,"Milwaukee Bucks","Indiana Pacers",86,104,-18,190,6,9,15
"4036",2017-10-04,"Dallas Mavericks","Chicago Bulls",118,71,47,189,3,4,7
"4037",2017-10-04,"Los Angeles Lakers","Denver Nuggets",104,122,-18,226,4,11,15
"4038",2017-10-03,"New York Knicks","Brooklyn Nets",107,115,-8,222,10,7,17
"4039",2017-10-03,"New Orleans Pelicans","Chicago Bulls",109,113,-4,222,4,6,10
"4040",2017-10-03,"Oklahoma City Thunder","Houston Rockets",97,104,-7,201,10,5,15
"4041",2017-10-03,"Portland Trail Blazers","Phoenix Suns",112,114,-2,226,14,8,22
"4042",2017-10-02,"Boston Celtics","Charlotte Hornets",94,82,12,176,13,7,20
"4043",2017-10-02,"Memphis Grizzlies","Orlando Magic",92,84,8,176,14,11,25
"4044",2017-10-02,"Dallas Mavericks","Milwaukee Bucks",106,104,2,210,12,10,22
"4045",2017-10-02,"Sacramento Kings","San Antonio Spurs",106,96,10,202,10,8,18
"4046",2017-10-02,"Los Angeles Lakers","Denver Nuggets",107,113,-6,220,11,7,18
"4047",2017-10-01,"Miami Heat","Atlanta Hawks",96,90,6,186,7,10,17
"4048",2017-10-01,"Toronto Raptors","Los Angeles Clippers",121,113,8,234,9,3,12
"4049",2017-09-30,"Golden State Warriors","Denver Nuggets",102,108,-6,210,17,9,26
"4050",2017-09-30,"Los Angeles Lakers","Minnesota Timberwolves",99,108,-9,207,13,14,27
"4051",2017-06-12,"Golden State Warriors","Cleveland Cavaliers",129,120,9,249,13,12,25
"4052",2017-06-09,"Cleveland Cavaliers","Golden State Warriors",137,116,21,253,11,16,27
"4053",2017-06-07,"Cleveland Cavaliers","Golden State Warriors",113,118,-5,231,10,8,18
"4054",2017-06-04,"Golden State Warriors","Cleveland Cavaliers",132,113,19,245,10,10,20
"4055",2017-06-01,"Golden State Warriors","Cleveland Cavaliers",113,91,22,204,14,15,29
"4056",2017-05-25,"Boston Celtics","Cleveland Cavaliers",102,135,-33,237,12,6,18
"4057",2017-05-23,"Cleveland Cavaliers","Boston Celtics",112,99,13,211,4,7,11
"4058",2017-05-22,"San Antonio Spurs","Golden State Warriors",115,129,-14,244,12,5,17
"4059",2017-05-21,"Cleveland Cavaliers","Boston Celtics",108,111,-3,219,11,11,22
"4060",2017-05-20,"San Antonio Spurs","Golden State Warriors",108,120,-12,228,15,9,24
"4061",2017-05-19,"Boston Celtics","Cleveland Cavaliers",86,130,-44,216,10,9,19
"4062",2017-05-17,"Boston Celtics","Cleveland Cavaliers",104,117,-13,221,13,12,25
"4063",2017-05-16,"Golden State Warriors","San Antonio Spurs",136,100,36,236,6,22,28
"4064",2017-05-15,"Boston Celtics","Washington Wizards",115,105,10,220,4,10,14
"4065",2017-05-14,"Golden State Warriors","San Antonio Spurs",113,111,2,224,17,14,31
"4066",2017-05-12,"Washington Wizards","Boston Celtics",92,91,1,183,11,7,18
"4067",2017-05-11,"Houston Rockets","San Antonio Spurs",75,114,-39,189,10,14,24
"4068",2017-05-10,"Boston Celtics","Washington Wizards",123,101,22,224,9,16,25
"4069",2017-05-09,"San Antonio Spurs","Houston Rockets",110,107,3,217,18,9,27
"4070",2017-05-08,"Utah Jazz","Golden State Warriors",95,121,-26,216,10,6,16
"4071",2017-05-07,"Toronto Raptors","Cleveland Cavaliers",102,109,-7,211,8,5,13
"4072",2017-05-07,"Washington Wizards","Boston Celtics",121,102,19,223,12,9,21
"4073",2017-05-07,"Houston Rockets","San Antonio Spurs",125,104,21,229,7,11,18
"4074",2017-05-06,"Utah Jazz","Golden State Warriors",91,102,-11,193,5,8,13
"4075",2017-05-05,"Toronto Raptors","Cleveland Cavaliers",94,115,-21,209,1,8,9
"4076",2017-05-05,"Houston Rockets","San Antonio Spurs",92,103,-11,195,14,12,26
"4077",2017-05-04,"Washington Wizards","Boston Celtics",116,89,27,205,13,8,21
"4078",2017-05-04,"Golden State Warriors","Utah Jazz",115,104,11,219,9,5,14
"4079",2017-05-03,"Cleveland Cavaliers","Toronto Raptors",125,103,22,228,6,8,14
"4080",2017-05-03,"San Antonio Spurs","Houston Rockets",121,96,25,217,16,9,25
"4081",2017-05-02,"Boston Celtics","Washington Wizards",129,119,10,248,12,13,25
"4082",2017-05-02,"Golden State Warriors","Utah Jazz",106,94,12,200,5,8,13
"4083",2017-05-01,"Cleveland Cavaliers","Toronto Raptors",116,105,11,221,7,8,15
"4084",2017-05-01,"San Antonio Spurs","Houston Rockets",99,126,-27,225,11,7,18
"4085",2017-04-30,"Boston Celtics","Washington Wizards",123,111,12,234,12,12,24
"4086",2017-04-30,"Los Angeles Clippers","Utah Jazz",91,104,-13,195,10,10,20
"4087",2017-04-28,"Atlanta Hawks","Washington Wizards",99,115,-16,214,11,8,19
"4088",2017-04-28,"Chicago Bulls","Boston Celtics",83,105,-22,188,11,7,18
"4089",2017-04-28,"Utah Jazz","Los Angeles Clippers",93,98,-5,191,10,10,20
"4090",2017-04-27,"Milwaukee Bucks","Toronto Raptors",89,92,-3,181,11,11,22
"4091",2017-04-27,"Memphis Grizzlies","San Antonio Spurs",96,103,-7,199,7,16,23
"4092",2017-04-26,"Washington Wizards","Atlanta Hawks",103,99,4,202,9,11,20
"4093",2017-04-26,"Boston Celtics","Chicago Bulls",108,97,11,205,8,5,13
"4094",2017-04-25,"Houston Rockets","Oklahoma City Thunder",105,99,6,204,10,18,28
"4095",2017-04-25,"San Antonio Spurs","Memphis Grizzlies",116,103,13,219,10,8,18
"4096",2017-04-25,"Los Angeles Clippers","Utah Jazz",92,96,-4,188,3,7,10
"4097",2017-04-24,"Toronto Raptors","Milwaukee Bucks",118,93,25,211,5,1,6
"4098",2017-04-24,"Atlanta Hawks","Washington Wizards",111,101,10,212,12,9,21
"4099",2017-04-24,"Portland Trail Blazers","Golden State Warriors",103,128,-25,231,7,6,13
"4100",2017-04-23,"Indiana Pacers","Cleveland Cavaliers",102,106,-4,208,9,15,24
"4101",2017-04-23,"Oklahoma City Thunder","Houston Rockets",109,113,-4,222,10,13,23
"4102",2017-04-23,"Chicago Bulls","Boston Celtics",95,104,-9,199,12,11,23
"4103",2017-04-23,"Utah Jazz","Los Angeles Clippers",105,98,7,203,7,6,13
"4104",2017-04-22,"Milwaukee Bucks","Toronto Raptors",76,87,-11,163,13,4,17
"4105",2017-04-22,"Atlanta Hawks","Washington Wizards",116,98,18,214,11,6,17
"4106",2017-04-22,"Memphis Grizzlies","San Antonio Spurs",110,108,2,218,8,8,16
"4107",2017-04-22,"Portland Trail Blazers","Golden State Warriors",113,119,-6,232,11,6,17
"4108",2017-04-21,"Chicago Bulls","Boston Celtics",87,104,-17,191,15,7,22
"4109",2017-04-21,"Oklahoma City Thunder","Houston Rockets",115,113,2,228,9,11,20
"4110",2017-04-21,"Utah Jazz","Los Angeles Clippers",106,111,-5,217,3,9,12
"4111",2017-04-20,"Indiana Pacers","Cleveland Cavaliers",114,119,-5,233,17,8,25
"4112",2017-04-20,"Milwaukee Bucks","Toronto Raptors",104,77,27,181,3,9,12
"4113",2017-04-20,"Memphis Grizzlies","San Antonio Spurs",105,94,11,199,6,12,18
"4114",2017-04-19,"Washington Wizards","Atlanta Hawks",109,101,8,210,11,10,21
"4115",2017-04-19,"Houston Rockets","Oklahoma City Thunder",115,111,4,226,5,17,22
"4116",2017-04-19,"Golden State Warriors","Portland Trail Blazers",110,81,29,191,11,11,22
"4117",2017-04-18,"Toronto Raptors","Milwaukee Bucks",106,100,6,206,6,12,18
"4118",2017-04-18,"Boston Celtics","Chicago Bulls",97,111,-14,208,11,12,23
"4119",2017-04-18,"Los Angeles Clippers","Utah Jazz",99,91,8,190,8,3,11
"4120",2017-04-17,"Cleveland Cavaliers","Indiana Pacers",117,111,6,228,7,9,16
"4121",2017-04-17,"San Antonio Spurs","Memphis Grizzlies",96,82,14,178,5,9,14
"4122",2017-04-16,"Washington Wizards","Atlanta Hawks",114,107,7,221,15,13,28
"4123",2017-04-16,"Golden State Warriors","Portland Trail Blazers",121,109,12,230,9,11,20
"4124",2017-04-16,"Boston Celtics","Chicago Bulls",102,106,-4,208,12,20,32
"4125",2017-04-16,"Houston Rockets","Oklahoma City Thunder",118,87,31,205,14,7,21
"4126",2017-04-15,"Cleveland Cavaliers","Indiana Pacers",109,108,1,217,10,12,22
"4127",2017-04-15,"Toronto Raptors","Milwaukee Bucks",83,97,-14,180,8,9,17
"4128",2017-04-15,"San Antonio Spurs","Memphis Grizzlies",111,82,29,193,8,8,16
"4129",2017-04-15,"Los Angeles Clippers","Utah Jazz",95,97,-2,192,8,6,14
"4130",2017-04-12,"Orlando Magic","Detroit Pistons",113,109,4,222,6,17,23
"4131",2017-04-12,"Cleveland Cavaliers","Toronto Raptors",83,98,-15,181,10,12,22
"4132",2017-04-12,"Boston Celtics","Milwaukee Bucks",112,94,18,206,10,9,19
"4133",2017-04-12,"New York Knicks","Philadelphia 76ers",114,113,1,227,17,16,33
"4134",2017-04-12,"Miami Heat","Washington Wizards",110,102,8,212,14,8,22
"4135",2017-04-12,"Chicago Bulls","Brooklyn Nets",112,73,39,185,14,10,24
"4136",2017-04-12,"Memphis Grizzlies","Dallas Mavericks",93,100,-7,193,16,8,24
"4137",2017-04-12,"Houston Rockets","Minnesota Timberwolves",123,118,5,241,16,10,26
"4138",2017-04-12,"Oklahoma City Thunder","Denver Nuggets",105,111,-6,216,14,5,19
"4139",2017-04-12,"Indiana Pacers","Atlanta Hawks",104,86,18,190,8,8,16
"4140",2017-04-12,"Utah Jazz","San Antonio Spurs",101,97,4,198,7,15,22
"4141",2017-04-12,"Los Angeles Clippers","Sacramento Kings",115,95,20,210,11,7,18
"4142",2017-04-12,"Golden State Warriors","Los Angeles Lakers",109,94,15,203,14,11,25
"4143",2017-04-12,"Portland Trail Blazers","New Orleans Pelicans",100,103,-3,203,14,11,25
"4144",2017-04-11,"Atlanta Hawks","Charlotte Hornets",103,76,27,179,11,15,26
"4145",2017-04-11,"Minnesota Timberwolves","Oklahoma City Thunder",98,100,-2,198,11,18,29
"4146",2017-04-11,"Dallas Mavericks","Denver Nuggets",91,109,-18,200,8,10,18
"4147",2017-04-11,"Los Angeles Lakers","New Orleans Pelicans",108,96,12,204,8,5,13
"4148",2017-04-11,"Sacramento Kings","Phoenix Suns",129,104,25,233,8,18,26
"4149",2017-04-10,"Philadelphia 76ers","Indiana Pacers",111,120,-9,231,10,14,24
"4150",2017-04-10,"Boston Celtics","Brooklyn Nets",114,105,9,219,9,9,18
"4151",2017-04-10,"Miami Heat","Cleveland Cavaliers",124,121,3,245,9,7,16
"4152",2017-04-10,"Chicago Bulls","Orlando Magic",122,75,47,197,11,9,20
"4153",2017-04-10,"Milwaukee Bucks","Charlotte Hornets",89,79,10,168,8,7,15
"4154",2017-04-10,"Detroit Pistons","Washington Wizards",101,105,-4,206,6,9,15
"4155",2017-04-10,"Portland Trail Blazers","San Antonio Spurs",99,98,1,197,12,13,25
"4156",2017-04-10,"Los Angeles Clippers","Houston Rockets",125,96,29,221,12,9,21
"4157",2017-04-10,"Golden State Warriors","Utah Jazz",99,105,-6,204,8,14,22
"4158",2017-04-09,"New York Knicks","Toronto Raptors",97,110,-13,207,6,5,11
"4159",2017-04-09,"Atlanta Hawks","Cleveland Cavaliers",126,125,1,251,10,13,23
"4160",2017-04-09,"Denver Nuggets","Oklahoma City Thunder",105,106,-1,211,4,18,22
"4161",2017-04-09,"Phoenix Suns","Dallas Mavericks",124,111,13,235,8,17,25
"4162",2017-04-09,"Sacramento Kings","Houston Rockets",128,135,-7,263,7,5,12
"4163",2017-04-09,"Memphis Grizzlies","Detroit Pistons",90,103,-13,193,6,15,21
"4164",2017-04-09,"Los Angeles Lakers","Minnesota Timberwolves",110,109,1,219,12,8,20
"4165",2017-04-08,"Brooklyn Nets","Chicago Bulls",107,106,1,213,10,11,21
"4166",2017-04-08,"Charlotte Hornets","Boston Celtics",114,121,-7,235,7,5,12
"4167",2017-04-08,"Orlando Magic","Indiana Pacers",112,127,-15,239,4,6,10
"4168",2017-04-08,"Philadelphia 76ers","Milwaukee Bucks",82,90,-8,172,10,6,16
"4169",2017-04-08,"Washington Wizards","Miami Heat",103,106,-3,209,12,8,20
"4170",2017-04-08,"San Antonio Spurs","Los Angeles Clippers",87,98,-11,185,7,8,15
"4171",2017-04-08,"Portland Trail Blazers","Utah Jazz",101,86,15,187,12,9,21
"4172",2017-04-08,"Golden State Warriors","New Orleans Pelicans",123,101,22,224,14,6,20
"4173",2017-04-07,"Cleveland Cavaliers","Atlanta Hawks",100,114,-14,214,3,6,9
"4174",2017-04-07,"Toronto Raptors","Miami Heat",96,94,2,190,12,14,26
"4175",2017-04-07,"Memphis Grizzlies","New York Knicks",101,88,13,189,7,15,22
"4176",2017-04-07,"Houston Rockets","Detroit Pistons",109,114,-5,223,9,18,27
"4177",2017-04-07,"Dallas Mavericks","San Antonio Spurs",89,102,-13,191,6,16,22
"4178",2017-04-07,"Denver Nuggets","New Orleans Pelicans",122,106,16,228,11,10,21
"4179",2017-04-07,"Utah Jazz","Minnesota Timberwolves",120,113,7,233,6,9,15
"4180",2017-04-07,"Phoenix Suns","Oklahoma City Thunder",120,99,21,219,12,22,34
"4181",2017-04-07,"Los Angeles Lakers","Sacramento Kings",98,94,4,192,16,10,26
"4182",2017-04-06,"Philadelphia 76ers","Chicago Bulls",90,102,-12,192,10,10,20
"4183",2017-04-06,"Orlando Magic","Brooklyn Nets",115,107,8,222,9,7,16
"4184",2017-04-06,"Indiana Pacers","Milwaukee Bucks",104,89,15,193,12,6,18
"4185",2017-04-06,"New York Knicks","Washington Wizards",103,106,-3,209,20,9,29
"4186",2017-04-06,"Atlanta Hawks","Boston Celtics",123,116,7,239,13,10,23
"4187",2017-04-06,"Portland Trail Blazers","Minnesota Timberwolves",105,98,7,203,4,9,13
"4188",2017-04-05,"Charlotte Hornets","Miami Heat",99,112,-13,211,4,7,11
"4189",2017-04-05,"Detroit Pistons","Toronto Raptors",102,105,-3,207,12,7,19
"4190",2017-04-05,"Memphis Grizzlies","Oklahoma City Thunder",100,103,-3,203,7,12,19
"4191",2017-04-05,"Houston Rockets","Denver Nuggets",110,104,6,214,11,12,23
"4192",2017-04-05,"Boston Celtics","Cleveland Cavaliers",91,114,-23,205,8,13,21
"4193",2017-04-05,"San Antonio Spurs","Los Angeles Lakers",95,102,-7,197,7,8,15
"4194",2017-04-05,"Phoenix Suns","Golden State Warriors",111,120,-9,231,20,7,27
"4195",2017-04-05,"Los Angeles Clippers","Dallas Mavericks",112,101,11,213,5,11,16
"4196",2017-04-04,"Philadelphia 76ers","Brooklyn Nets",118,141,-23,259,14,1,15
"4197",2017-04-04,"Washington Wizards","Charlotte Hornets",118,111,7,229,6,9,15
"4198",2017-04-04,"Cleveland Cavaliers","Orlando Magic",122,102,20,224,5,11,16
"4199",2017-04-04,"Indiana Pacers","Toronto Raptors",108,90,18,198,10,6,16
"4200",2017-04-04,"New Orleans Pelicans","Denver Nuggets",131,134,-3,265,10,15,25
"4201",2017-04-04,"Oklahoma City Thunder","Milwaukee Bucks",110,79,31,189,11,10,21
"4202",2017-04-04,"New York Knicks","Chicago Bulls",100,91,9,191,16,11,27
"4203",2017-04-04,"San Antonio Spurs","Memphis Grizzlies",95,89,6,184,8,12,20
"4204",2017-04-04,"Utah Jazz","Portland Trail Blazers",106,87,19,193,7,7,14
"4205",2017-04-04,"Golden State Warriors","Minnesota Timberwolves",121,107,14,228,8,19,27
"4206",2017-04-04,"Sacramento Kings","Dallas Mavericks",98,87,11,185,11,8,19
"4207",2017-04-03,"Minnesota Timberwolves","Portland Trail Blazers",110,109,1,219,12,11,23
"4208",2017-04-02,"New York Knicks","Boston Celtics",94,110,-16,204,8,5,13
"4209",2017-04-02,"Oklahoma City Thunder","Charlotte Hornets",101,113,-12,214,7,3,10
"4210",2017-04-02,"Los Angeles Lakers","Memphis Grizzlies",108,103,5,211,17,5,22
"4211",2017-04-02,"Milwaukee Bucks","Dallas Mavericks",105,109,-4,214,4,4,8
"4212",2017-04-02,"San Antonio Spurs","Utah Jazz",109,103,6,212,8,12,20
"4213",2017-04-02,"New Orleans Pelicans","Chicago Bulls",110,117,-7,227,6,9,15
"4214",2017-04-02,"Toronto Raptors","Philadelphia 76ers",113,105,8,218,10,13,23
"4215",2017-04-02,"Brooklyn Nets","Atlanta Hawks",91,82,9,173,8,8,16
"4216",2017-04-02,"Miami Heat","Denver Nuggets",113,116,-3,229,7,6,13
"4217",2017-04-02,"Cleveland Cavaliers","Indiana Pacers",135,130,5,265,15,12,27
"4218",2017-04-02,"Golden State Warriors","Washington Wizards",139,115,24,254,10,9,19
"4219",2017-04-02,"Phoenix Suns","Houston Rockets",116,123,-7,239,22,13,35
"4220",2017-04-01,"Los Angeles Clippers","Los Angeles Lakers",115,104,11,219,4,15,19
"4221",2017-04-01,"Chicago Bulls","Atlanta Hawks",106,104,2,210,6,11,17
"4222",2017-04-01,"Brooklyn Nets","Orlando Magic",121,111,10,232,9,11,20
"4223",2017-04-01,"Minnesota Timberwolves","Sacramento Kings",117,123,-6,240,10,7,17
"4224",2017-04-01,"Portland Trail Blazers","Phoenix Suns",130,117,13,247,11,13,24
"4225",2017-03-31,"Toronto Raptors","Indiana Pacers",111,100,11,211,16,12,28
"4226",2017-03-31,"Charlotte Hornets","Denver Nuggets",122,114,8,236,10,10,20
"4227",2017-03-31,"Cleveland Cavaliers","Philadelphia 76ers",122,105,17,227,13,7,20
"4228",2017-03-31,"Boston Celtics","Orlando Magic",117,116,1,233,5,11,16
"4229",2017-03-31,"Milwaukee Bucks","Detroit Pistons",108,105,3,213,9,13,22
"4230",2017-03-31,"Memphis Grizzlies","Dallas Mavericks",99,90,9,189,8,6,14
"4231",2017-03-31,"New Orleans Pelicans","Sacramento Kings",117,89,28,206,10,14,24
"4232",2017-03-31,"Miami Heat","New York Knicks",94,98,-4,192,11,8,19
"4233",2017-03-31,"Oklahoma City Thunder","San Antonio Spurs",95,100,-5,195,13,13,26
"4234",2017-03-31,"Utah Jazz","Washington Wizards",95,88,7,183,7,14,21
"4235",2017-03-31,"Golden State Warriors","Houston Rockets",107,98,9,205,13,18,31
"4236",2017-03-30,"Detroit Pistons","Brooklyn Nets",90,89,1,179,11,8,19
"4237",2017-03-30,"Chicago Bulls","Cleveland Cavaliers",99,93,6,192,15,9,24
"4238",2017-03-30,"Minnesota Timberwolves","Los Angeles Lakers",119,104,15,223,14,14,28
"4239",2017-03-30,"Phoenix Suns","Los Angeles Clippers",118,124,-6,242,13,7,20
"4240",2017-03-30,"Portland Trail Blazers","Houston Rockets",117,107,10,224,11,13,24
"4241",2017-03-29,"Philadelphia 76ers","Atlanta Hawks",92,99,-7,191,13,15,28
"4242",2017-03-29,"Orlando Magic","Oklahoma City Thunder",106,114,-8,220,11,11,22
"4243",2017-03-29,"Boston Celtics","Milwaukee Bucks",100,103,-3,203,15,7,22
"4244",2017-03-29,"Toronto Raptors","Charlotte Hornets",106,110,-4,216,13,11,24
"4245",2017-03-29,"New York Knicks","Miami Heat",88,105,-17,193,17,8,25
"4246",2017-03-29,"Memphis Grizzlies","Indiana Pacers",110,97,13,207,9,12,21
"4247",2017-03-29,"New Orleans Pelicans","Dallas Mavericks",121,118,3,239,11,8,19
"4248",2017-03-29,"San Antonio Spurs","Golden State Warriors",98,110,-12,208,16,10,26
"4249",2017-03-29,"Los Angeles Clippers","Washington Wizards",133,124,9,257,8,14,22
"4250",2017-03-29,"Sacramento Kings","Utah Jazz",82,112,-30,194,2,7,9
"4251",2017-03-28,"Charlotte Hornets","Milwaukee Bucks",108,118,-10,226,5,3,8
"4252",2017-03-28,"Indiana Pacers","Minnesota Timberwolves",114,115,-1,229,11,11,22
"4253",2017-03-28,"Brooklyn Nets","Philadelphia 76ers",101,106,-5,207,13,12,25
"4254",2017-03-28,"Atlanta Hawks","Phoenix Suns",95,91,4,186,9,14,23
"4255",2017-03-28,"Detroit Pistons","Miami Heat",96,97,-1,193,16,11,27
"4256",2017-03-28,"Houston Rockets","Golden State Warriors",106,113,-7,219,10,8,18
"4257",2017-03-28,"Portland Trail Blazers","Denver Nuggets",122,113,9,235,15,12,27
"4258",2017-03-28,"Los Angeles Lakers","Washington Wizards",108,119,-11,227,11,13,24
"4259",2017-03-27,"Toronto Raptors","Orlando Magic",131,112,19,243,9,8,17
"4260",2017-03-27,"New York Knicks","Detroit Pistons",109,95,14,204,4,12,16
"4261",2017-03-27,"San Antonio Spurs","Cleveland Cavaliers",103,74,29,177,10,9,19
"4262",2017-03-27,"Dallas Mavericks","Oklahoma City Thunder",91,92,-1,183,8,11,19
"4263",2017-03-27,"Sacramento Kings","Memphis Grizzlies",91,90,1,181,8,19,27
"4264",2017-03-27,"Utah Jazz","New Orleans Pelicans",108,100,8,208,11,5,16
"4265",2017-03-26,"Charlotte Hornets","Phoenix Suns",120,106,14,226,8,8,16
"4266",2017-03-26,"Atlanta Hawks","Brooklyn Nets",92,107,-15,199,26,12,38
"4267",2017-03-26,"Los Angeles Clippers","Sacramento Kings",97,98,-1,195,6,6,12
"4268",2017-03-26,"Milwaukee Bucks","Chicago Bulls",94,109,-15,203,9,10,19
"4269",2017-03-26,"Houston Rockets","Oklahoma City Thunder",137,125,12,262,2,15,17
"4270",2017-03-26,"Indiana Pacers","Philadelphia 76ers",107,94,13,201,12,8,20
"4271",2017-03-26,"Boston Celtics","Miami Heat",112,108,4,220,8,16,24
"4272",2017-03-26,"Golden State Warriors","Memphis Grizzlies",106,94,12,200,7,13,20
"4273",2017-03-26,"Denver Nuggets","New Orleans Pelicans",90,115,-25,205,7,10,17
"4274",2017-03-26,"Los Angeles Lakers","Portland Trail Blazers",81,97,-16,178,1,12,13
"4275",2017-03-25,"Los Angeles Clippers","Utah Jazz",108,95,13,203,11,12,23
"4276",2017-03-25,"Cleveland Cavaliers","Washington Wizards",115,127,-12,242,11,11,22
"4277",2017-03-25,"Dallas Mavericks","Toronto Raptors",86,94,-8,180,12,12,24
"4278",2017-03-25,"San Antonio Spurs","New York Knicks",106,98,8,204,16,12,28
"4279",2017-03-25,"Portland Trail Blazers","Minnesota Timberwolves",112,100,12,212,4,6,10
"4280",2017-03-24,"Washington Wizards","Brooklyn Nets",129,108,21,237,11,6,17
"4281",2017-03-24,"Charlotte Hornets","Cleveland Cavaliers",105,112,-7,217,14,3,17
"4282",2017-03-24,"Orlando Magic","Detroit Pistons",115,87,28,202,6,12,18
"4283",2017-03-24,"Indiana Pacers","Denver Nuggets",117,125,-8,242,11,11,22
"4284",2017-03-24,"Boston Celtics","Phoenix Suns",130,120,10,250,12,10,22
"4285",2017-03-24,"Chicago Bulls","Philadelphia 76ers",107,117,-10,224,15,11,26
"4286",2017-03-24,"Milwaukee Bucks","Atlanta Hawks",100,97,3,197,9,13,22
"4287",2017-03-24,"Houston Rockets","New Orleans Pelicans",117,107,10,224,15,6,21
"4288",2017-03-24,"Los Angeles Lakers","Minnesota Timberwolves",130,119,11,249,9,12,21
"4289",2017-03-24,"Golden State Warriors","Sacramento Kings",114,100,14,214,13,6,19
"4290",2017-03-23,"Brooklyn Nets","Phoenix Suns",126,98,28,224,17,15,32
"4291",2017-03-23,"Miami Heat","Toronto Raptors",84,101,-17,185,10,11,21
"4292",2017-03-23,"Dallas Mavericks","Los Angeles Clippers",97,95,2,192,4,9,13
"4293",2017-03-23,"San Antonio Spurs","Memphis Grizzlies",97,90,7,187,6,10,16
"4294",2017-03-23,"Portland Trail Blazers","New York Knicks",110,95,15,205,10,9,19
"4295",2017-03-22,"Orlando Magic","Charlotte Hornets",102,109,-7,211,13,12,25
"4296",2017-03-22,"Boston Celtics","Indiana Pacers",109,100,9,209,10,18,28
"4297",2017-03-22,"Chicago Bulls","Detroit Pistons",117,95,22,212,7,16,23
"4298",2017-03-22,"Oklahoma City Thunder","Philadelphia 76ers",122,97,25,219,18,6,24
"4299",2017-03-22,"Washington Wizards","Atlanta Hawks",104,100,4,204,17,11,28
"4300",2017-03-22,"Denver Nuggets","Cleveland Cavaliers",126,113,13,239,10,7,17
"4301",2017-03-22,"Sacramento Kings","Milwaukee Bucks",98,116,-18,214,8,7,15
"4302",2017-03-22,"Utah Jazz","New York Knicks",108,101,7,209,20,9,29
"4303",2017-03-21,"Toronto Raptors","Chicago Bulls",122,120,2,242,16,9,25
"4304",2017-03-21,"Brooklyn Nets","Detroit Pistons",98,96,2,194,11,10,21
"4305",2017-03-21,"Miami Heat","Phoenix Suns",112,97,15,209,17,10,27
"4306",2017-03-21,"New Orleans Pelicans","Memphis Grizzlies",95,82,13,177,12,4,16
"4307",2017-03-21,"Dallas Mavericks","Golden State Warriors",87,112,-25,199,13,4,17
"4308",2017-03-21,"Minnesota Timberwolves","San Antonio Spurs",93,100,-7,193,12,9,21
"4309",2017-03-21,"Portland Trail Blazers","Milwaukee Bucks",90,93,-3,183,13,13,26
"4310",2017-03-21,"Los Angeles Lakers","Los Angeles Clippers",109,133,-24,242,14,13,27
"4311",2017-03-20,"Charlotte Hornets","Atlanta Hawks",105,90,15,195,5,12,17
"4312",2017-03-20,"Orlando Magic","Philadelphia 76ers",112,109,3,221,14,13,27
"4313",2017-03-20,"Indiana Pacers","Utah Jazz",107,100,7,207,10,13,23
"4314",2017-03-20,"Boston Celtics","Washington Wizards",110,102,8,212,19,8,27
"4315",2017-03-20,"Houston Rockets","Denver Nuggets",125,124,1,249,6,8,14
"4316",2017-03-20,"Oklahoma City Thunder","Golden State Warriors",95,111,-16,206,12,9,21
"4317",2017-03-20,"Los Angeles Clippers","New York Knicks",114,105,9,219,9,14,23
"4318",2017-03-19,"Brooklyn Nets","Dallas Mavericks",104,111,-7,215,9,2,11
"4319",2017-03-19,"Philadelphia 76ers","Boston Celtics",105,99,6,204,8,8,16
"4320",2017-03-19,"Detroit Pistons","Phoenix Suns",112,95,17,207,12,11,23
"4321",2017-03-19,"New Orleans Pelicans","Minnesota Timberwolves",123,109,14,232,9,8,17
"4322",2017-03-19,"Toronto Raptors","Indiana Pacers",116,91,25,207,14,9,23
"4323",2017-03-19,"Miami Heat","Portland Trail Blazers",104,115,-11,219,13,13,26
"4324",2017-03-19,"San Antonio Spurs","Sacramento Kings",118,102,16,220,15,9,24
"4325",2017-03-19,"Los Angeles Lakers","Cleveland Cavaliers",120,125,-5,245,10,10,20
"4326",2017-03-18,"Oklahoma City Thunder","Sacramento Kings",110,94,16,204,13,9,22
"4327",2017-03-18,"Atlanta Hawks","Portland Trail Blazers",97,113,-16,210,12,13,25
"4328",2017-03-18,"Charlotte Hornets","Washington Wizards",98,93,5,191,6,8,14
"4329",2017-03-18,"Los Angeles Clippers","Cleveland Cavaliers",108,78,30,186,7,4,11
"4330",2017-03-18,"Chicago Bulls","Utah Jazz",95,86,9,181,7,17,24
"4331",2017-03-18,"Memphis Grizzlies","San Antonio Spurs",104,96,8,200,7,9,16
"4332",2017-03-18,"Denver Nuggets","Houston Rockets",105,109,-4,214,13,10,23
"4333",2017-03-18,"Golden State Warriors","Milwaukee Bucks",117,92,25,209,6,12,18
"4334",2017-03-17,"Philadelphia 76ers","Dallas Mavericks",116,74,42,190,9,5,14
"4335",2017-03-17,"Washington Wizards","Chicago Bulls",112,107,5,219,13,15,28
"4336",2017-03-17,"Brooklyn Nets","Boston Celtics",95,98,-3,193,6,8,14
"4337",2017-03-17,"Detroit Pistons","Toronto Raptors",75,87,-12,162,12,8,20
"4338",2017-03-17,"New Orleans Pelicans","Houston Rockets",128,112,16,240,9,10,19
"4339",2017-03-17,"Miami Heat","Minnesota Timberwolves",123,105,18,228,10,9,19
"4340",2017-03-17,"Phoenix Suns","Orlando Magic",103,109,-6,212,12,8,20
"4341",2017-03-17,"Los Angeles Lakers","Milwaukee Bucks",103,107,-4,210,11,10,21
"4342",2017-03-16,"Cleveland Cavaliers","Utah Jazz",91,83,8,174,11,10,21
"4343",2017-03-16,"Toronto Raptors","Oklahoma City Thunder",102,123,-21,225,6,10,16
"4344",2017-03-16,"New York Knicks","Brooklyn Nets",110,121,-11,231,5,13,18
"4345",2017-03-16,"Atlanta Hawks","Memphis Grizzlies",91,103,-12,194,8,16,24
"4346",2017-03-16,"Denver Nuggets","Los Angeles Clippers",129,114,15,243,11,4,15
"4347",2017-03-16,"Golden State Warriors","Orlando Magic",122,92,30,214,7,16,23
"4348",2017-03-15,"Washington Wizards","Dallas Mavericks",107,112,-5,219,5,5,10
"4349",2017-03-15,"Indiana Pacers","Charlotte Hornets",98,77,21,175,3,3,6
"4350",2017-03-15,"Boston Celtics","Minnesota Timberwolves",117,104,13,221,5,15,20
"4351",2017-03-15,"Miami Heat","New Orleans Pelicans",120,112,8,232,12,8,20
"4352",2017-03-15,"Detroit Pistons","Utah Jazz",83,97,-14,180,8,6,14
"4353",2017-03-15,"Chicago Bulls","Memphis Grizzlies",91,98,-7,189,14,14,28
"4354",2017-03-15,"Houston Rockets","Los Angeles Lakers",139,100,39,239,13,9,22
"4355",2017-03-15,"San Antonio Spurs","Portland Trail Blazers",106,110,-4,216,10,8,18
"4356",2017-03-15,"Phoenix Suns","Sacramento Kings",101,107,-6,208,16,8,24
"4357",2017-03-15,"Los Angeles Clippers","Milwaukee Bucks",96,97,-1,193,6,4,10
"4358",2017-03-14,"Cleveland Cavaliers","Detroit Pistons",128,96,32,224,3,16,19
"4359",2017-03-14,"Brooklyn Nets","Oklahoma City Thunder",104,122,-18,226,4,13,17
"4360",2017-03-14,"New York Knicks","Indiana Pacers",87,81,6,168,11,14,25
"4361",2017-03-14,"New Orleans Pelicans","Portland Trail Blazers",100,77,23,177,4,8,12
"4362",2017-03-14,"Golden State Warriors","Philadelphia 76ers",106,104,2,210,13,13,26
"4363",2017-03-13,"Charlotte Hornets","Chicago Bulls",109,115,-6,224,11,12,23
"4364",2017-03-13,"Toronto Raptors","Dallas Mavericks",100,78,22,178,9,7,16
"4365",2017-03-13,"Memphis Grizzlies","Milwaukee Bucks",113,93,20,206,11,8,19
"4366",2017-03-13,"San Antonio Spurs","Atlanta Hawks",107,99,8,206,7,6,13
"4367",2017-03-13,"Minnesota Timberwolves","Washington Wizards",119,104,15,223,8,8,16
"4368",2017-03-13,"Utah Jazz","Los Angeles Clippers",114,108,6,222,8,3,11
"4369",2017-03-13,"Sacramento Kings","Orlando Magic",120,115,5,235,2,9,11
"4370",2017-03-13,"Denver Nuggets","Los Angeles Lakers",129,101,28,230,6,16,22
"4371",2017-03-12,"Boston Celtics","Chicago Bulls",100,80,20,180,12,12,24
"4372",2017-03-12,"Brooklyn Nets","New York Knicks",120,112,8,232,13,11,24
"4373",2017-03-12,"Indiana Pacers","Miami Heat",102,98,4,200,11,19,30
"4374",2017-03-12,"Phoenix Suns","Portland Trail Blazers",101,110,-9,211,6,9,15
"4375",2017-03-12,"Houston Rockets","Cleveland Cavaliers",117,112,5,229,20,4,24
"4376",2017-03-12,"Los Angeles Lakers","Philadelphia 76ers",116,118,-2,234,7,4,11
"4377",2017-03-11,"Oklahoma City Thunder","Utah Jazz",112,104,8,216,12,7,19
"4378",2017-03-11,"Los Angeles Clippers","Philadelphia 76ers",112,100,12,212,8,7,15
"4379",2017-03-11,"Detroit Pistons","New York Knicks",112,92,20,204,14,8,22
"4380",2017-03-11,"Charlotte Hornets","New Orleans Pelicans",122,125,-3,247,11,9,20
"4381",2017-03-11,"Orlando Magic","Cleveland Cavaliers",104,116,-12,220,14,9,23
"4382",2017-03-11,"Milwaukee Bucks","Minnesota Timberwolves",102,95,7,197,11,11,22
"4383",2017-03-11,"Miami Heat","Toronto Raptors",104,89,15,193,3,16,19
"4384",2017-03-11,"San Antonio Spurs","Golden State Warriors",107,85,22,192,7,20,27
"4385",2017-03-11,"Memphis Grizzlies","Atlanta Hawks",90,107,-17,197,13,6,19
"4386",2017-03-11,"Dallas Mavericks","Phoenix Suns",98,100,-2,198,10,5,15
"4387",2017-03-11,"Portland Trail Blazers","Washington Wizards",124,125,-1,249,7,9,16
"4388",2017-03-11,"Sacramento Kings","Denver Nuggets",92,105,-13,197,10,9,19
"4389",2017-03-10,"Charlotte Hornets","Orlando Magic",121,81,40,202,6,8,14
"4390",2017-03-10,"Chicago Bulls","Houston Rockets",94,115,-21,209,11,11,22
"4391",2017-03-10,"Milwaukee Bucks","Indiana Pacers",99,85,14,184,5,8,13
"4392",2017-03-10,"Minnesota Timberwolves","Golden State Warriors",103,102,1,205,14,12,26
"4393",2017-03-10,"Atlanta Hawks","Toronto Raptors",105,99,6,204,8,16,24
"4394",2017-03-10,"Denver Nuggets","Boston Celtics",119,99,20,218,11,9,20
"4395",2017-03-10,"Dallas Mavericks","Brooklyn Nets",105,96,9,201,7,4,11
"4396",2017-03-10,"Sacramento Kings","Washington Wizards",122,130,-8,252,8,12,20
"4397",2017-03-09,"Detroit Pistons","Cleveland Cavaliers",106,101,5,207,11,8,19
"4398",2017-03-09,"Memphis Grizzlies","Los Angeles Clippers",98,114,-16,212,6,7,13
"4399",2017-03-09,"Oklahoma City Thunder","San Antonio Spurs",102,92,10,194,15,13,28
"4400",2017-03-09,"Portland Trail Blazers","Philadelphia 76ers",114,108,6,222,16,12,28
"4401",2017-03-09,"Phoenix Suns","Los Angeles Lakers",110,122,-12,232,18,14,32
"4402",2017-03-08,"Orlando Magic","Chicago Bulls",98,91,7,189,15,9,24
"4403",2017-03-08,"Atlanta Hawks","Brooklyn Nets",110,105,5,215,11,5,16
"4404",2017-03-08,"Miami Heat","Charlotte Hornets",108,101,7,209,13,6,19
"4405",2017-03-08,"Milwaukee Bucks","New York Knicks",104,93,11,197,12,10,22
"4406",2017-03-08,"New Orleans Pelicans","Toronto Raptors",87,94,-7,181,8,8,16
"4407",2017-03-08,"Houston Rockets","Utah Jazz",108,115,-7,223,10,10,20
"4408",2017-03-08,"Minnesota Timberwolves","Los Angeles Clippers",107,91,16,198,14,10,24
"4409",2017-03-08,"Indiana Pacers","Detroit Pistons",115,98,17,213,9,11,20
"4410",2017-03-08,"San Antonio Spurs","Sacramento Kings",114,104,10,218,6,5,11
"4411",2017-03-08,"Denver Nuggets","Washington Wizards",113,123,-10,236,10,8,18
"4412",2017-03-08,"Golden State Warriors","Boston Celtics",86,99,-13,185,12,9,21
"4413",2017-03-07,"Oklahoma City Thunder","Portland Trail Blazers",121,126,-5,247,12,12,24
"4414",2017-03-07,"Dallas Mavericks","Los Angeles Lakers",122,111,11,233,6,11,17
"4415",2017-03-07,"Phoenix Suns","Washington Wizards",127,131,-4,258,9,9,18
"4416",2017-03-06,"Philadelphia 76ers","Milwaukee Bucks",98,112,-14,210,14,9,23
"4417",2017-03-06,"Orlando Magic","New York Knicks",105,113,-8,218,11,12,23
"4418",2017-03-06,"Cleveland Cavaliers","Miami Heat",98,106,-8,204,11,8,19
"4419",2017-03-06,"Atlanta Hawks","Golden State Warriors",111,119,-8,230,14,13,27
"4420",2017-03-06,"Detroit Pistons","Chicago Bulls",109,95,14,204,10,7,17
"4421",2017-03-06,"Memphis Grizzlies","Brooklyn Nets",109,122,-13,231,8,7,15
"4422",2017-03-06,"Charlotte Hornets","Indiana Pacers",100,88,12,188,13,6,19
"4423",2017-03-06,"San Antonio Spurs","Houston Rockets",112,110,2,222,9,7,16
"4424",2017-03-06,"Denver Nuggets","Sacramento Kings",108,96,12,204,7,11,18
"4425",2017-03-06,"Utah Jazz","New Orleans Pelicans",88,83,5,171,12,13,25
"4426",2017-03-06,"Los Angeles Clippers","Boston Celtics",116,102,14,218,8,7,15
"4427",2017-03-05,"Atlanta Hawks","Indiana Pacers",96,97,-1,193,11,9,20
"4428",2017-03-05,"New York Knicks","Golden State Warriors",105,112,-7,217,12,11,23
"4429",2017-03-05,"Phoenix Suns","Boston Celtics",109,106,3,215,10,14,24
"4430",2017-03-05,"Washington Wizards","Orlando Magic",115,114,1,229,10,13,23
"4431",2017-03-05,"Sacramento Kings","Utah Jazz",109,110,-1,219,5,12,17
"4432",2017-03-05,"Dallas Mavericks","Oklahoma City Thunder",104,89,15,193,5,13,18
"4433",2017-03-05,"Los Angeles Lakers","New Orleans Pelicans",97,105,-8,202,11,13,24
"4434",2017-03-04,"Philadelphia 76ers","Detroit Pistons",106,136,-30,242,6,10,16
"4435",2017-03-04,"Milwaukee Bucks","Toronto Raptors",101,94,7,195,9,3,12
"4436",2017-03-04,"Miami Heat","Cleveland Cavaliers",120,92,28,212,15,8,23
"4437",2017-03-04,"Chicago Bulls","Los Angeles Clippers",91,101,-10,192,14,11,25
"4438",2017-03-04,"Denver Nuggets","Charlotte Hornets",102,112,-10,214,11,13,24
"4439",2017-03-04,"Houston Rockets","Memphis Grizzlies",123,108,15,231,10,17,27
"4440",2017-03-04,"San Antonio Spurs","Minnesota Timberwolves",97,90,7,187,17,16,33
"4441",2017-03-04,"Portland Trail Blazers","Brooklyn Nets",130,116,14,246,6,8,14
"4442",2017-03-03,"Philadelphia 76ers","New York Knicks",105,102,3,207,12,9,21
"4443",2017-03-03,"Washington Wizards","Toronto Raptors",106,114,-8,220,15,11,26
"4444",2017-03-03,"Orlando Magic","Miami Heat",110,99,11,209,8,13,21
"4445",2017-03-03,"Atlanta Hawks","Cleveland Cavaliers",130,135,-5,265,11,5,16
"4446",2017-03-03,"Milwaukee Bucks","Los Angeles Clippers",112,101,11,213,3,7,10
"4447",2017-03-03,"Dallas Mavericks","Memphis Grizzlies",104,100,4,204,8,7,15
"4448",2017-03-03,"Utah Jazz","Brooklyn Nets",112,97,15,209,5,9,14
"4449",2017-03-03,"Phoenix Suns","Oklahoma City Thunder",118,111,7,229,9,11,20
"4450",2017-03-03,"New Orleans Pelicans","San Antonio Spurs",98,101,-3,199,8,11,19
"4451",2017-03-03,"Los Angeles Lakers","Boston Celtics",95,115,-20,210,6,6,12
"4452",2017-03-02,"Chicago Bulls","Golden State Warriors",94,87,7,181,7,6,13
"4453",2017-03-02,"Phoenix Suns","Charlotte Hornets",120,103,17,223,4,9,13
"4454",2017-03-02,"Portland Trail Blazers","Oklahoma City Thunder",114,109,5,223,9,12,21
"4455",2017-03-01,"Orlando Magic","New York Knicks",90,101,-11,191,9,13,22
"4456",2017-03-01,"Toronto Raptors","Washington Wizards",96,105,-9,201,16,7,23
"4457",2017-03-01,"Atlanta Hawks","Dallas Mavericks",100,95,5,195,4,10,14
"4458",2017-03-01,"Miami Heat","Philadelphia 76ers",125,98,27,223,8,10,18
"4459",2017-03-01,"Milwaukee Bucks","Denver Nuggets",98,110,-12,208,10,14,24
"4460",2017-03-01,"New Orleans Pelicans","Detroit Pistons",109,86,23,195,8,23,31
"4461",2017-03-01,"Boston Celtics","Cleveland Cavaliers",103,99,4,202,8,12,20
"4462",2017-03-01,"San Antonio Spurs","Indiana Pacers",100,99,1,199,6,13,19
"4463",2017-03-01,"Utah Jazz","Minnesota Timberwolves",80,107,-27,187,16,10,26
"4464",2017-03-01,"Los Angeles Clippers","Houston Rockets",103,122,-19,225,10,19,29
"4465",2017-03-01,"Sacramento Kings","Brooklyn Nets",100,109,-9,209,10,10,20
"4466",2017-02-28,"Washington Wizards","Golden State Warriors",112,108,4,220,17,13,30
"4467",2017-02-28,"Detroit Pistons","Portland Trail Blazers",120,113,7,233,16,8,24
"4468",2017-02-28,"Chicago Bulls","Denver Nuggets",107,125,-18,232,11,6,17
"4469",2017-02-28,"Memphis Grizzlies","Phoenix Suns",130,112,18,242,12,8,20
"4470",2017-02-28,"Oklahoma City Thunder","Utah Jazz",109,106,3,215,6,8,14
"4471",2017-02-28,"Los Angeles Lakers","Charlotte Hornets",104,109,-5,213,6,11,17
"4472",2017-02-27,"New York Knicks","Toronto Raptors",91,92,-1,183,8,11,19
"4473",2017-02-27,"Philadelphia 76ers","Golden State Warriors",108,119,-11,227,12,16,28
"4474",2017-02-27,"Cleveland Cavaliers","Milwaukee Bucks",102,95,7,197,4,5,9
"4475",2017-02-27,"Boston Celtics","Atlanta Hawks",98,114,-16,212,9,13,22
"4476",2017-02-27,"Dallas Mavericks","Miami Heat",96,89,7,185,11,13,24
"4477",2017-02-27,"Houston Rockets","Indiana Pacers",108,117,-9,225,12,13,25
"4478",2017-02-27,"Sacramento Kings","Minnesota Timberwolves",88,102,-14,190,7,16,23
"4479",2017-02-26,"Los Angeles Lakers","San Antonio Spurs",98,119,-21,217,13,13,26
"4480",2017-02-26,"Milwaukee Bucks","Phoenix Suns",100,96,4,196,6,12,18
"4481",2017-02-26,"Denver Nuggets","Memphis Grizzlies",98,105,-7,203,10,13,23
"4482",2017-02-26,"Washington Wizards","Utah Jazz",92,102,-10,194,6,9,15
"4483",2017-02-26,"Toronto Raptors","Portland Trail Blazers",112,106,6,218,5,8,13
"4484",2017-02-26,"Detroit Pistons","Boston Celtics",98,104,-6,202,11,9,20
"4485",2017-02-26,"Oklahoma City Thunder","New Orleans Pelicans",118,110,8,228,16,7,23
"4486",2017-02-26,"Los Angeles Clippers","Charlotte Hornets",124,121,3,245,15,5,20
"4487",2017-02-25,"Sacramento Kings","Charlotte Hornets",85,99,-14,184,9,13,22
"4488",2017-02-25,"Orlando Magic","Atlanta Hawks",105,86,19,191,7,12,19
"4489",2017-02-25,"New York Knicks","Philadelphia 76ers",110,109,1,219,10,16,26
"4490",2017-02-25,"Miami Heat","Indiana Pacers",113,95,18,208,11,13,24
"4491",2017-02-25,"Dallas Mavericks","New Orleans Pelicans",96,83,13,179,7,9,16
"4492",2017-02-25,"Cleveland Cavaliers","Chicago Bulls",99,117,-18,216,4,10,14
"4493",2017-02-25,"Houston Rockets","Minnesota Timberwolves",142,130,12,272,13,21,34
"4494",2017-02-25,"Golden State Warriors","Brooklyn Nets",112,95,17,207,13,11,24
"4495",2017-02-24,"Philadelphia 76ers","Washington Wizards",120,112,8,232,8,12,20
"4496",2017-02-24,"Indiana Pacers","Memphis Grizzlies",102,92,10,194,8,12,20
"4497",2017-02-24,"Toronto Raptors","Boston Celtics",107,97,10,204,10,7,17
"4498",2017-02-24,"Chicago Bulls","Phoenix Suns",128,121,7,249,11,8,19
"4499",2017-02-24,"Milwaukee Bucks","Utah Jazz",95,109,-14,204,10,9,19
"4500",2017-02-24,"Oklahoma City Thunder","Los Angeles Lakers",110,93,17,203,14,15,29
"4501",2017-02-24,"Minnesota Timberwolves","Dallas Mavericks",97,84,13,181,9,8,17
"4502",2017-02-24,"Atlanta Hawks","Miami Heat",90,108,-18,198,8,15,23
"4503",2017-02-24,"Denver Nuggets","Brooklyn Nets",129,109,20,238,11,7,18
"4504",2017-02-24,"Los Angeles Clippers","San Antonio Spurs",97,105,-8,202,8,15,23
"4505",2017-02-23,"Orlando Magic","Portland Trail Blazers",103,112,-9,215,13,9,22
"4506",2017-02-23,"Detroit Pistons","Charlotte Hornets",114,108,6,222,10,5,15
"4507",2017-02-23,"New Orleans Pelicans","Houston Rockets",99,129,-30,228,11,12,23
"4508",2017-02-23,"Cleveland Cavaliers","New York Knicks",119,104,15,223,8,16,24
"4509",2017-02-23,"Golden State Warriors","Los Angeles Clippers",123,113,10,236,10,10,20
"4510",2017-02-23,"Sacramento Kings","Denver Nuggets",116,100,16,216,9,10,19
"4511",2017-02-16,"Indiana Pacers","Washington Wizards",98,111,-13,209,5,8,13
"4512",2017-02-16,"Chicago Bulls","Boston Celtics",104,103,1,207,15,4,19
"4513",2017-02-15,"Orlando Magic","San Antonio Spurs",79,107,-28,186,5,11,16
"4514",2017-02-15,"Cleveland Cavaliers","Indiana Pacers",113,104,9,217,9,13,22
"4515",2017-02-15,"Boston Celtics","Philadelphia 76ers",116,108,8,224,6,12,18
"4516",2017-02-15,"Toronto Raptors","Charlotte Hornets",90,85,5,175,8,5,13
"4517",2017-02-15,"Brooklyn Nets","Milwaukee Bucks",125,129,-4,254,9,7,16
"4518",2017-02-15,"Detroit Pistons","Dallas Mavericks",98,91,7,189,9,5,14
"4519",2017-02-15,"Memphis Grizzlies","New Orleans Pelicans",91,95,-4,186,13,4,17
"4520",2017-02-15,"Houston Rockets","Miami Heat",109,117,-8,226,15,12,27
"4521",2017-02-15,"Denver Nuggets","Minnesota Timberwolves",99,112,-13,211,14,9,23
"4522",2017-02-15,"Utah Jazz","Portland Trail Blazers",111,88,23,199,9,9,18
"4523",2017-02-15,"Phoenix Suns","Los Angeles Lakers",137,101,36,238,12,7,19
"4524",2017-02-15,"Oklahoma City Thunder","New York Knicks",116,105,11,221,12,6,18
"4525",2017-02-15,"Los Angeles Clippers","Atlanta Hawks",99,84,15,183,5,10,15
"4526",2017-02-15,"Golden State Warriors","Sacramento Kings",109,86,23,195,6,12,18
"4527",2017-02-14,"Chicago Bulls","Toronto Raptors",105,94,11,199,7,8,15
"4528",2017-02-14,"Minnesota Timberwolves","Cleveland Cavaliers",108,116,-8,224,8,9,17
"4529",2017-02-14,"Los Angeles Lakers","Sacramento Kings",96,97,-1,193,13,7,20
"4530",2017-02-13,"Charlotte Hornets","Philadelphia 76ers",99,105,-6,204,3,9,12
"4531",2017-02-13,"Indiana Pacers","San Antonio Spurs",106,110,-4,216,6,12,18
"4532",2017-02-13,"Brooklyn Nets","Memphis Grizzlies",103,112,-9,215,6,5,11
"4533",2017-02-13,"Miami Heat","Orlando Magic",107,116,-9,223,6,15,21
"4534",2017-02-13,"Washington Wizards","Oklahoma City Thunder",120,98,22,218,6,20,26
"4535",2017-02-13,"Milwaukee Bucks","Detroit Pistons",102,89,13,191,5,12,17
"4536",2017-02-13,"Dallas Mavericks","Boston Celtics",98,111,-13,209,4,7,11
"4537",2017-02-13,"Denver Nuggets","Golden State Warriors",132,110,22,242,14,4,18
"4538",2017-02-13,"Utah Jazz","Los Angeles Clippers",72,88,-16,160,12,6,18
"4539",2017-02-13,"Phoenix Suns","New Orleans Pelicans",108,110,-2,218,13,5,18
"4540",2017-02-13,"Portland Trail Blazers","Atlanta Hawks",104,109,-5,213,22,7,29
"4541",2017-02-12,"Minnesota Timberwolves","Chicago Bulls",117,89,28,206,10,9,19
"4542",2017-02-12,"New York Knicks","San Antonio Spurs",94,90,4,184,5,21,26
"4543",2017-02-12,"Toronto Raptors","Detroit Pistons",101,102,-1,203,6,11,17
"4544",2017-02-12,"Sacramento Kings","New Orleans Pelicans",105,99,6,204,8,6,14
"4545",2017-02-11,"Charlotte Hornets","Los Angeles Clippers",102,107,-5,209,8,10,18
"4546",2017-02-11,"Indiana Pacers","Milwaukee Bucks",100,116,-16,216,8,8,16
"4547",2017-02-11,"Philadelphia 76ers","Miami Heat",117,109,8,226,11,11,22
"4548",2017-02-11,"Cleveland Cavaliers","Denver Nuggets",125,109,16,234,8,17,25
"4549",2017-02-11,"Oklahoma City Thunder","Golden State Warriors",114,130,-16,244,12,10,22
"4550",2017-02-11,"Houston Rockets","Phoenix Suns",133,102,31,235,16,12,28
"4551",2017-02-11,"Dallas Mavericks","Orlando Magic",112,80,32,192,12,11,23
"4552",2017-02-11,"Utah Jazz","Boston Celtics",104,112,-8,216,13,3,16
"4553",2017-02-10,"Brooklyn Nets","Miami Heat",99,108,-9,207,15,13,28
"4554",2017-02-10,"New York Knicks","Denver Nuggets",123,131,-8,254,10,16,26
"4555",2017-02-10,"Detroit Pistons","San Antonio Spurs",92,103,-11,195,7,11,18
"4556",2017-02-10,"Milwaukee Bucks","Los Angeles Lakers",114,122,-8,236,4,6,10
"4557",2017-02-10,"Memphis Grizzlies","Golden State Warriors",107,122,-15,229,18,5,23
"4558",2017-02-10,"Minnesota Timberwolves","New Orleans Pelicans",106,122,-16,228,12,8,20
"4559",2017-02-10,"Washington Wizards","Indiana Pacers",112,107,5,219,14,10,24
"4560",2017-02-10,"Sacramento Kings","Atlanta Hawks",108,107,1,215,8,3,11
"4561",2017-02-10,"Phoenix Suns","Chicago Bulls",115,97,18,212,13,12,25
"4562",2017-02-09,"Charlotte Hornets","Houston Rockets",95,107,-12,202,10,9,19
"4563",2017-02-09,"Orlando Magic","Philadelphia 76ers",111,112,-1,223,7,13,20
"4564",2017-02-09,"Oklahoma City Thunder","Cleveland Cavaliers",118,109,9,227,17,5,22
"4565",2017-02-09,"Dallas Mavericks","Utah Jazz",112,105,7,217,6,11,17
"4566",2017-02-09,"Portland Trail Blazers","Boston Celtics",111,120,-9,231,10,14,24
"4567",2017-02-08,"Philadelphia 76ers","San Antonio Spurs",103,111,-8,214,7,6,13
"4568",2017-02-08,"Indiana Pacers","Cleveland Cavaliers",117,132,-15,249,7,5,12
"4569",2017-02-08,"Brooklyn Nets","Washington Wizards",110,114,-4,224,15,17,32
"4570",2017-02-08,"Atlanta Hawks","Denver Nuggets",117,106,11,223,12,21,33
"4571",2017-02-08,"Detroit Pistons","Los Angeles Lakers",121,102,19,223,14,7,21
"4572",2017-02-08,"Milwaukee Bucks","Miami Heat",88,106,-18,194,5,14,19
"4573",2017-02-08,"Memphis Grizzlies","Phoenix Suns",110,91,19,201,11,18,29
"4574",2017-02-08,"New Orleans Pelicans","Utah Jazz",94,127,-33,221,7,12,19
"4575",2017-02-08,"Minnesota Timberwolves","Toronto Raptors",112,109,3,221,11,10,21
"4576",2017-02-08,"New York Knicks","Los Angeles Clippers",115,119,-4,234,12,14,26
"4577",2017-02-08,"Golden State Warriors","Chicago Bulls",123,92,31,215,5,15,20
"4578",2017-02-08,"Sacramento Kings","Boston Celtics",108,92,16,200,4,7,11
"4579",2017-02-07,"Charlotte Hornets","Brooklyn Nets",111,107,4,218,12,4,16
"4580",2017-02-07,"Houston Rockets","Orlando Magic",128,104,24,232,10,10,20
"4581",2017-02-07,"Dallas Mavericks","Portland Trail Blazers",113,114,-1,227,2,18,20
"4582",2017-02-06,"New York Knicks","Los Angeles Lakers",107,121,-14,228,6,20,26
"4583",2017-02-06,"Washington Wizards","Cleveland Cavaliers",135,140,-5,275,11,12,23
"4584",2017-02-06,"Indiana Pacers","Oklahoma City Thunder",93,90,3,183,13,20,33
"4585",2017-02-06,"Toronto Raptors","Los Angeles Clippers",118,109,9,227,11,9,20
"4586",2017-02-06,"Atlanta Hawks","Utah Jazz",95,120,-25,215,7,9,16
"4587",2017-02-06,"Detroit Pistons","Philadelphia 76ers",113,96,17,209,19,11,30
"4588",2017-02-06,"New Orleans Pelicans","Phoenix Suns",111,106,5,217,9,9,18
"4589",2017-02-06,"Minnesota Timberwolves","Miami Heat",113,115,-2,228,8,13,21
"4590",2017-02-06,"Denver Nuggets","Dallas Mavericks",110,87,23,197,10,3,13
"4591",2017-02-06,"Memphis Grizzlies","San Antonio Spurs",89,74,15,163,15,11,26
"4592",2017-02-06,"Sacramento Kings","Chicago Bulls",107,112,-5,219,9,8,17
"4593",2017-02-05,"Brooklyn Nets","Toronto Raptors",95,103,-8,198,7,8,15
"4594",2017-02-05,"Boston Celtics","Los Angeles Clippers",107,102,5,209,9,8,17
"4595",2017-02-05,"Oklahoma City Thunder","Portland Trail Blazers",105,99,6,204,17,11,28
"4596",2017-02-04,"Washington Wizards","New Orleans Pelicans",105,91,14,196,7,9,16
"4597",2017-02-04,"Atlanta Hawks","Orlando Magic",113,86,27,199,10,7,17
"4598",2017-02-04,"Indiana Pacers","Detroit Pistons",105,84,21,189,7,8,15
"4599",2017-02-04,"Miami Heat","Philadelphia 76ers",125,102,23,227,10,6,16
"4600",2017-02-04,"New York Knicks","Cleveland Cavaliers",104,111,-7,215,13,12,25
"4601",2017-02-04,"Utah Jazz","Charlotte Hornets",105,98,7,203,11,3,14
"4602",2017-02-04,"Phoenix Suns","Milwaukee Bucks",112,137,-25,249,14,9,23
"4603",2017-02-04,"San Antonio Spurs","Denver Nuggets",121,97,24,218,7,16,23
"4604",2017-02-04,"Minnesota Timberwolves","Memphis Grizzlies",99,107,-8,206,16,13,29
"4605",2017-02-04,"Sacramento Kings","Golden State Warriors",109,106,3,215,8,7,15
"4606",2017-02-03,"Orlando Magic","Toronto Raptors",102,94,8,196,11,13,24
"4607",2017-02-03,"Brooklyn Nets","Indiana Pacers",97,106,-9,203,9,12,21
"4608",2017-02-03,"Detroit Pistons","Minnesota Timberwolves",116,108,8,224,18,11,29
"4609",2017-02-03,"Houston Rockets","Chicago Bulls",121,117,4,238,8,14,22
"4610",2017-02-03,"Oklahoma City Thunder","Memphis Grizzlies",114,102,12,216,16,8,24
"4611",2017-02-03,"Boston Celtics","Los Angeles Lakers",113,107,6,220,7,15,22
"4612",2017-02-03,"Denver Nuggets","Milwaukee Bucks",121,117,4,238,18,6,24
"4613",2017-02-03,"Sacramento Kings","Phoenix Suns",103,105,-2,208,6,6,12
"4614",2017-02-03,"Portland Trail Blazers","Dallas Mavericks",104,108,-4,212,12,2,14
"4615",2017-02-02,"Washington Wizards","Los Angeles Lakers",116,108,8,224,12,12,24
"4616",2017-02-02,"Houston Rockets","Atlanta Hawks",108,113,-5,221,7,8,15
"4617",2017-02-02,"San Antonio Spurs","Philadelphia 76ers",102,86,16,188,14,12,26
"4618",2017-02-02,"Los Angeles Clippers","Golden State Warriors",120,133,-13,253,9,15,24
"4619",2017-02-01,"Orlando Magic","Indiana Pacers",88,98,-10,186,7,5,12
"4620",2017-02-01,"Cleveland Cavaliers","Minnesota Timberwolves",125,97,28,222,12,12,24
"4621",2017-02-01,"Boston Celtics","Toronto Raptors",109,104,5,213,12,8,20
"4622",2017-02-01,"Brooklyn Nets","New York Knicks",90,95,-5,185,12,21,33
"4623",2017-02-01,"Miami Heat","Atlanta Hawks",116,93,23,209,10,9,19
"4624",2017-02-01,"Detroit Pistons","New Orleans Pelicans",118,98,20,216,5,3,8
"4625",2017-02-01,"Dallas Mavericks","Philadelphia 76ers",113,95,18,208,15,5,20
"4626",2017-02-01,"Denver Nuggets","Memphis Grizzlies",99,119,-20,218,11,11,22
"4627",2017-02-01,"Utah Jazz","Milwaukee Bucks",104,88,16,192,11,9,20
"4628",2017-02-01,"Phoenix Suns","Los Angeles Clippers",114,124,-10,238,17,8,25
"4629",2017-02-01,"Oklahoma City Thunder","Chicago Bulls",100,128,-28,228,11,4,15
"4630",2017-02-01,"Golden State Warriors","Charlotte Hornets",126,111,15,237,9,6,15
"4631",2017-01-31,"Washington Wizards","New York Knicks",117,101,16,218,9,22,31
"4632",2017-01-31,"Toronto Raptors","New Orleans Pelicans",108,106,2,214,13,13,26
"4633",2017-01-31,"Houston Rockets","Sacramento Kings",105,83,22,188,11,10,21
"4634",2017-01-31,"San Antonio Spurs","Oklahoma City Thunder",108,94,14,202,10,12,22
"4635",2017-01-31,"Portland Trail Blazers","Charlotte Hornets",115,98,17,213,11,3,14
"4636",2017-01-31,"Los Angeles Lakers","Denver Nuggets",120,116,4,236,10,20,30
"4637",2017-01-30,"Philadelphia 76ers","Sacramento Kings",122,119,3,241,9,9,18
"4638",2017-01-30,"Miami Heat","Brooklyn Nets",104,96,8,200,5,15,20
"4639",2017-01-30,"Minnesota Timberwolves","Orlando Magic",111,105,6,216,9,11,20
"4640",2017-01-30,"Boston Celtics","Detroit Pistons",113,109,4,222,6,12,18
"4641",2017-01-30,"Dallas Mavericks","Cleveland Cavaliers",104,97,7,201,9,6,15
"4642",2017-01-30,"Phoenix Suns","Memphis Grizzlies",96,115,-19,211,13,10,23
"4643",2017-01-29,"Atlanta Hawks","New York Knicks",142,139,3,281,17,15,32
"4644",2017-01-29,"Cleveland Cavaliers","Oklahoma City Thunder",107,91,16,198,8,13,21
"4645",2017-01-29,"Indiana Pacers","Houston Rockets",120,101,19,221,7,11,18
"4646",2017-01-29,"New Orleans Pelicans","Washington Wizards",94,107,-13,201,10,10,20
"4647",2017-01-29,"Toronto Raptors","Orlando Magic",113,114,-1,227,9,6,15
"4648",2017-01-29,"Chicago Bulls","Philadelphia 76ers",121,108,13,229,10,11,21
"4649",2017-01-29,"San Antonio Spurs","Dallas Mavericks",101,105,-4,206,5,6,11
"4650",2017-01-29,"Portland Trail Blazers","Golden State Warriors",111,113,-2,224,9,8,17
"4651",2017-01-28,"Charlotte Hornets","Sacramento Kings",106,109,-3,215,7,8,15
"4652",2017-01-28,"Miami Heat","Detroit Pistons",116,103,13,219,9,13,22
"4653",2017-01-28,"Milwaukee Bucks","Boston Celtics",108,112,-4,220,9,9,18
"4654",2017-01-28,"Golden State Warriors","Los Angeles Clippers",144,98,46,242,9,8,17
"4655",2017-01-28,"Utah Jazz","Memphis Grizzlies",95,102,-7,197,4,7,11
"4656",2017-01-28,"Phoenix Suns","Denver Nuggets",112,123,-11,235,11,9,20
"4657",2017-01-28,"Minnesota Timberwolves","Brooklyn Nets",129,109,20,238,13,5,18
"4658",2017-01-27,"Indiana Pacers","Sacramento Kings",115,111,4,226,7,10,17
"4659",2017-01-27,"Cleveland Cavaliers","Brooklyn Nets",124,116,8,240,9,4,13
"4660",2017-01-27,"Boston Celtics","Orlando Magic",128,98,30,226,7,7,14
"4661",2017-01-27,"Toronto Raptors","Milwaukee Bucks",102,86,16,188,12,12,24
"4662",2017-01-27,"New York Knicks","Charlotte Hornets",110,107,3,217,11,9,20
"4663",2017-01-27,"Philadelphia 76ers","Houston Rockets",118,123,-5,241,3,6,9
"4664",2017-01-27,"Chicago Bulls","Miami Heat",88,100,-12,188,9,7,16
"4665",2017-01-27,"New Orleans Pelicans","San Antonio Spurs",119,103,16,222,14,12,26
"4666",2017-01-27,"Atlanta Hawks","Washington Wizards",86,112,-26,198,8,13,21
"4667",2017-01-27,"Portland Trail Blazers","Memphis Grizzlies",112,109,3,221,8,10,18
"4668",2017-01-26,"Oklahoma City Thunder","Dallas Mavericks",109,98,11,207,7,8,15
"4669",2017-01-26,"Minnesota Timberwolves","Indiana Pacers",103,109,-6,212,6,6,12
"4670",2017-01-26,"Denver Nuggets","Phoenix Suns",127,120,7,247,19,8,27
"4671",2017-01-26,"Utah Jazz","Los Angeles Lakers",96,88,8,184,10,10,20
"4672",2017-01-25,"Cleveland Cavaliers","Sacramento Kings",112,116,-4,228,13,11,24
"4673",2017-01-25,"Boston Celtics","Houston Rockets",120,109,11,229,12,6,18
"4674",2017-01-25,"Brooklyn Nets","Miami Heat",106,109,-3,215,4,6,10
"4675",2017-01-25,"Chicago Bulls","Atlanta Hawks",114,119,-5,233,12,6,18
"4676",2017-01-25,"Milwaukee Bucks","Philadelphia 76ers",109,114,-5,223,15,9,24
"4677",2017-01-25,"Memphis Grizzlies","Toronto Raptors",101,99,2,200,9,13,22
"4678",2017-01-25,"New Orleans Pelicans","Oklahoma City Thunder",105,114,-9,219,9,12,21
"4679",2017-01-25,"Charlotte Hornets","Golden State Warriors",103,113,-10,216,12,5,17
"4680",2017-01-25,"Dallas Mavericks","New York Knicks",103,95,8,198,7,18,25
"4681",2017-01-25,"Portland Trail Blazers","Los Angeles Lakers",105,98,7,203,9,14,23
"4682",2017-01-24,"Toronto Raptors","San Antonio Spurs",106,108,-2,214,10,6,16
"4683",2017-01-24,"Philadelphia 76ers","Los Angeles Clippers",121,110,11,231,6,11,17
"4684",2017-01-24,"Washington Wizards","Boston Celtics",123,108,15,231,8,8,16
"4685",2017-01-24,"Orlando Magic","Chicago Bulls",92,100,-8,192,12,6,18
"4686",2017-01-24,"Denver Nuggets","Utah Jazz",103,93,10,196,7,8,15
"4687",2017-01-24,"Phoenix Suns","Minnesota Timberwolves",111,112,-1,223,13,10,23
"4688",2017-01-23,"Charlotte Hornets","Washington Wizards",99,109,-10,208,12,5,17
"4689",2017-01-23,"Brooklyn Nets","San Antonio Spurs",86,112,-26,198,5,13,18
"4690",2017-01-23,"Atlanta Hawks","Los Angeles Clippers",105,115,-10,220,8,10,18
"4691",2017-01-23,"Miami Heat","Golden State Warriors",105,102,3,207,11,7,18
"4692",2017-01-23,"Detroit Pistons","Sacramento Kings",104,109,-5,213,6,10,16
"4693",2017-01-23,"Milwaukee Bucks","Houston Rockets",127,114,13,241,7,5,12
"4694",2017-01-23,"New Orleans Pelicans","Cleveland Cavaliers",124,122,2,246,7,11,18
"4695",2017-01-23,"Indiana Pacers","New York Knicks",103,109,-6,212,7,6,13
"4696",2017-01-23,"Utah Jazz","Oklahoma City Thunder",95,97,-2,192,8,8,16
"4697",2017-01-22,"Orlando Magic","Golden State Warriors",98,118,-20,216,12,13,25
"4698",2017-01-22,"Dallas Mavericks","Los Angeles Lakers",122,73,49,195,13,5,18
"4699",2017-01-22,"Toronto Raptors","Phoenix Suns",103,115,-12,218,7,7,14
"4700",2017-01-22,"Minnesota Timberwolves","Denver Nuggets",111,108,3,219,8,12,20
"4701",2017-01-21,"Boston Celtics","Portland Trail Blazers",123,127,-4,250,14,9,23
"4702",2017-01-21,"Detroit Pistons","Washington Wizards",113,112,1,225,13,13,26
"4703",2017-01-21,"Charlotte Hornets","Brooklyn Nets",112,105,7,217,6,4,10
"4704",2017-01-21,"Atlanta Hawks","Philadelphia 76ers",110,93,17,203,11,7,18
"4705",2017-01-21,"New York Knicks","Phoenix Suns",105,107,-2,212,15,14,29
"4706",2017-01-21,"Miami Heat","Milwaukee Bucks",109,97,12,206,5,12,17
"4707",2017-01-21,"Memphis Grizzlies","Houston Rockets",95,119,-24,214,14,6,20
"4708",2017-01-21,"Cleveland Cavaliers","San Antonio Spurs",115,118,-3,233,11,10,21
"4709",2017-01-21,"Denver Nuggets","Los Angeles Clippers",123,98,25,221,10,10,20
"4710",2017-01-21,"Utah Jazz","Indiana Pacers",109,100,9,209,10,4,14
"4711",2017-01-21,"Chicago Bulls","Sacramento Kings",102,99,3,201,14,9,23
"4712",2017-01-20,"Philadelphia 76ers","Portland Trail Blazers",93,92,1,185,13,12,25
"4713",2017-01-20,"Charlotte Hornets","Toronto Raptors",113,78,35,191,11,8,19
"4714",2017-01-20,"Orlando Magic","Milwaukee Bucks",112,96,16,208,14,10,24
"4715",2017-01-20,"Memphis Grizzlies","Sacramento Kings",107,91,16,198,15,5,20
"4716",2017-01-20,"New Orleans Pelicans","Brooklyn Nets",114,143,-29,257,18,9,27
"4717",2017-01-20,"Houston Rockets","Golden State Warriors",108,125,-17,233,13,8,21
"4718",2017-01-20,"Atlanta Hawks","Chicago Bulls",102,93,9,195,10,12,22
"4719",2017-01-20,"Dallas Mavericks","Utah Jazz",107,112,-5,219,9,15,24
"4720",2017-01-20,"Los Angeles Lakers","Indiana Pacers",108,95,13,203,16,8,24
"4721",2017-01-19,"Cleveland Cavaliers","Phoenix Suns",118,103,15,221,4,15,19
"4722",2017-01-19,"Miami Heat","Dallas Mavericks",99,95,4,194,6,5,11
"4723",2017-01-19,"New York Knicks","Washington Wizards",110,113,-3,223,14,10,24
"4724",2017-01-19,"San Antonio Spurs","Denver Nuggets",118,104,14,222,6,11,17
"4725",2017-01-19,"Los Angeles Clippers","Minnesota Timberwolves",101,104,-3,205,14,13,27
"4726",2017-01-18,"Philadelphia 76ers","Toronto Raptors",94,89,5,183,5,12,17
"4727",2017-01-18,"Washington Wizards","Memphis Grizzlies",104,101,3,205,12,17,29
"4728",2017-01-18,"Charlotte Hornets","Portland Trail Blazers",107,85,22,192,8,15,23
"4729",2017-01-18,"Boston Celtics","New York Knicks",106,117,-11,223,9,18,27
"4730",2017-01-18,"New Orleans Pelicans","Orlando Magic",118,98,20,216,6,4,10
"4731",2017-01-18,"Houston Rockets","Milwaukee Bucks",111,92,19,203,13,15,28
"4732",2017-01-18,"Detroit Pistons","Atlanta Hawks",118,95,23,213,18,8,26
"4733",2017-01-18,"Golden State Warriors","Oklahoma City Thunder",121,100,21,221,11,13,24
"4734",2017-01-18,"Sacramento Kings","Indiana Pacers",100,106,-6,206,10,8,18
"4735",2017-01-17,"Brooklyn Nets","Toronto Raptors",109,119,-10,228,11,10,21
"4736",2017-01-17,"Miami Heat","Houston Rockets",109,103,6,212,11,11,22
"4737",2017-01-17,"Chicago Bulls","Dallas Mavericks",98,99,-1,197,11,6,17
"4738",2017-01-17,"San Antonio Spurs","Minnesota Timberwolves",122,114,8,236,6,6,12
"4739",2017-01-17,"Los Angeles Lakers","Denver Nuggets",121,127,-6,248,20,13,33
"4740",2017-01-16,"New York Knicks","Atlanta Hawks",107,108,-1,215,15,8,23
"4741",2017-01-16,"Washington Wizards","Portland Trail Blazers",120,101,19,221,12,14,26
"4742",2017-01-16,"Milwaukee Bucks","Philadelphia 76ers",104,113,-9,217,10,13,23
"4743",2017-01-16,"Indiana Pacers","New Orleans Pelicans",98,95,3,193,5,8,13
"4744",2017-01-16,"Denver Nuggets","Orlando Magic",125,112,13,237,9,7,16
"4745",2017-01-16,"Boston Celtics","Charlotte Hornets",108,98,10,206,8,10,18
"4746",2017-01-16,"Golden State Warriors","Cleveland Cavaliers",126,91,35,217,11,7,18
"4747",2017-01-16,"Phoenix Suns","Utah Jazz",101,106,-5,207,6,14,20
"4748",2017-01-16,"Los Angeles Clippers","Oklahoma City Thunder",120,98,22,218,10,9,19
"4749",2017-01-15,"Dallas Mavericks","Minnesota Timberwolves",98,87,11,185,6,10,16
"4750",2017-01-15,"Toronto Raptors","New York Knicks",116,101,15,217,10,11,21
"4751",2017-01-15,"Atlanta Hawks","Milwaukee Bucks",111,98,13,209,14,13,27
"4752",2017-01-15,"Brooklyn Nets","Houston Rockets",112,137,-25,249,9,13,22
"4753",2017-01-15,"Sacramento Kings","Oklahoma City Thunder",118,122,-4,240,14,17,31
"4754",2017-01-15,"Memphis Grizzlies","Chicago Bulls",104,108,-4,212,13,6,19
"4755",2017-01-15,"Los Angeles Lakers","Detroit Pistons",97,102,-5,199,9,10,19
"4756",2017-01-14,"Los Angeles Clippers","Los Angeles Lakers",113,97,16,210,7,6,13
"4757",2017-01-14,"Chicago Bulls","New Orleans Pelicans",107,99,8,206,21,6,27
"4758",2017-01-14,"Phoenix Suns","San Antonio Spurs",108,105,3,213,15,6,21
"4759",2017-01-14,"Washington Wizards","Philadelphia 76ers",109,93,16,202,12,15,27
"4760",2017-01-14,"Utah Jazz","Orlando Magic",114,107,7,221,9,7,16
"4761",2017-01-13,"Philadelphia 76ers","Charlotte Hornets",102,93,9,195,10,16,26
"4762",2017-01-13,"Toronto Raptors","Brooklyn Nets",132,113,19,245,13,4,17
"4763",2017-01-13,"Milwaukee Bucks","Miami Heat",116,108,8,224,13,4,17
"4764",2017-01-13,"Houston Rockets","Memphis Grizzlies",105,110,-5,215,10,8,18
"4765",2017-01-13,"Minnesota Timberwolves","Oklahoma City Thunder",96,86,10,182,9,16,25
"4766",2017-01-13,"Atlanta Hawks","Boston Celtics",101,103,-2,204,12,9,21
"4767",2017-01-13,"Portland Trail Blazers","Orlando Magic",109,115,-6,224,12,9,21
"4768",2017-01-13,"Sacramento Kings","Cleveland Cavaliers",108,120,-12,228,11,10,21
"4769",2017-01-13,"Utah Jazz","Detroit Pistons",110,77,33,187,7,3,10
"4770",2017-01-12,"Denver Nuggets","Indiana Pacers",140,112,28,252,12,12,24
"4771",2017-01-12,"Brooklyn Nets","New Orleans Pelicans",95,104,-9,199,7,9,16
"4772",2017-01-12,"New York Knicks","Chicago Bulls",104,89,15,193,17,14,31
"4773",2017-01-12,"San Antonio Spurs","Los Angeles Lakers",134,94,40,228,7,9,16
"4774",2017-01-12,"Phoenix Suns","Dallas Mavericks",108,113,-5,221,13,8,21
"4775",2017-01-12,"Golden State Warriors","Detroit Pistons",127,107,20,234,6,9,15
"4776",2017-01-11,"Philadelphia 76ers","New York Knicks",98,97,1,195,18,8,26
"4777",2017-01-11,"Oklahoma City Thunder","Memphis Grizzlies",103,95,8,198,11,13,24
"4778",2017-01-11,"Minnesota Timberwolves","Houston Rockets",119,105,14,224,9,7,16
"4779",2017-01-11,"Boston Celtics","Washington Wizards",117,108,9,225,10,16,26
"4780",2017-01-11,"Los Angeles Clippers","Orlando Magic",105,96,9,201,9,6,15
"4781",2017-01-11,"Portland Trail Blazers","Cleveland Cavaliers",102,86,16,188,13,13,26
"4782",2017-01-10,"Washington Wizards","Chicago Bulls",101,99,2,200,7,12,19
"4783",2017-01-10,"Toronto Raptors","Boston Celtics",114,106,8,220,17,6,23
"4784",2017-01-10,"Brooklyn Nets","Atlanta Hawks",97,117,-20,214,14,15,29
"4785",2017-01-10,"Houston Rockets","Charlotte Hornets",121,114,7,235,6,5,11
"4786",2017-01-10,"San Antonio Spurs","Milwaukee Bucks",107,109,-2,216,13,11,24
"4787",2017-01-10,"Utah Jazz","Cleveland Cavaliers",100,92,8,192,11,13,24
"4788",2017-01-10,"Los Angeles Lakers","Portland Trail Blazers",87,108,-21,195,9,9,18
"4789",2017-01-10,"Golden State Warriors","Miami Heat",107,95,12,202,5,6,11
"4790",2017-01-10,"Sacramento Kings","Detroit Pistons",100,94,6,194,12,8,20
"4791",2017-01-09,"New York Knicks","New Orleans Pelicans",96,110,-14,206,12,8,20
"4792",2017-01-09,"Chicago Bulls","Oklahoma City Thunder",94,109,-15,203,9,6,15
"4793",2017-01-09,"Minnesota Timberwolves","Dallas Mavericks",101,92,9,193,9,5,14
"4794",2017-01-08,"Brooklyn Nets","Philadelphia 76ers",95,105,-10,200,4,6,10
"4795",2017-01-08,"Milwaukee Bucks","Washington Wizards",101,107,-6,208,5,13,18
"4796",2017-01-08,"Los Angeles Clippers","Miami Heat",98,86,12,184,9,11,20
"4797",2017-01-08,"Toronto Raptors","Houston Rockets",122,129,-7,251,4,10,14
"4798",2017-01-08,"Memphis Grizzlies","Utah Jazz",88,79,9,167,5,11,16
"4799",2017-01-08,"Phoenix Suns","Cleveland Cavaliers",116,120,-4,236,13,13,26
"4800",2017-01-08,"Portland Trail Blazers","Detroit Pistons",124,125,-1,249,7,6,13
"4801",2017-01-08,"Sacramento Kings","Golden State Warriors",106,117,-11,223,1,13,14
"4802",2017-01-08,"Los Angeles Lakers","Orlando Magic",111,95,16,206,6,18,24
"4803",2017-01-07,"Indiana Pacers","New York Knicks",123,109,14,232,12,6,18
"4804",2017-01-07,"Boston Celtics","New Orleans Pelicans",117,108,9,225,15,9,24
"4805",2017-01-07,"Chicago Bulls","Toronto Raptors",123,118,5,241,17,6,23
"4806",2017-01-07,"Oklahoma City Thunder","Denver Nuggets",121,106,15,227,6,15,21
"4807",2017-01-07,"Minnesota Timberwolves","Utah Jazz",92,94,-2,186,14,10,24
"4808",2017-01-07,"Dallas Mavericks","Atlanta Hawks",82,97,-15,179,6,6,12
"4809",2017-01-07,"San Antonio Spurs","Charlotte Hornets",102,85,17,187,9,8,17
"4810",2017-01-06,"Washington Wizards","Minnesota Timberwolves",112,105,7,217,5,12,17
"4811",2017-01-06,"Orlando Magic","Houston Rockets",93,100,-7,193,19,12,31
"4812",2017-01-06,"Boston Celtics","Philadelphia 76ers",110,106,4,216,12,4,16
"4813",2017-01-06,"Brooklyn Nets","Cleveland Cavaliers",108,116,-8,224,10,5,15
"4814",2017-01-06,"Milwaukee Bucks","New York Knicks",111,116,-5,227,6,11,17
"4815",2017-01-06,"Los Angeles Lakers","Miami Heat",127,100,27,227,18,11,29
"4816",2017-01-06,"Golden State Warriors","Memphis Grizzlies",119,128,-9,247,7,14,21
"4817",2017-01-06,"Sacramento Kings","Los Angeles Clippers",98,106,-8,204,12,8,20
"4818",2017-01-05,"Indiana Pacers","Brooklyn Nets",121,109,12,230,7,8,15
"4819",2017-01-05,"Toronto Raptors","Utah Jazz",101,93,8,194,21,12,33
"4820",2017-01-05,"Detroit Pistons","Charlotte Hornets",115,114,1,229,16,8,24
"4821",2017-01-05,"New Orleans Pelicans","Atlanta Hawks",94,99,-5,193,15,12,27
"4822",2017-01-05,"Houston Rockets","Oklahoma City Thunder",118,116,2,234,9,16,25
"4823",2017-01-05,"Dallas Mavericks","Phoenix Suns",95,102,-7,197,7,18,25
"4824",2017-01-05,"Denver Nuggets","San Antonio Spurs",99,127,-28,226,11,7,18
"4825",2017-01-05,"Portland Trail Blazers","Los Angeles Lakers",118,109,9,227,8,10,18
"4826",2017-01-04,"Charlotte Hornets","Oklahoma City Thunder",123,112,11,235,10,14,24
"4827",2017-01-04,"Orlando Magic","Atlanta Hawks",92,111,-19,203,10,3,13
"4828",2017-01-04,"New York Knicks","Milwaukee Bucks",104,105,-1,209,15,7,22
"4829",2017-01-04,"Cleveland Cavaliers","Chicago Bulls",94,106,-12,200,16,12,28
"4830",2017-01-04,"Los Angeles Clippers","Memphis Grizzlies",115,106,9,221,8,12,20
"4831",2017-01-04,"Golden State Warriors","Portland Trail Blazers",125,117,8,242,8,11,19
"4832",2017-01-04,"Sacramento Kings","Miami Heat",102,107,-5,209,4,7,11
"4833",2017-01-03,"Philadelphia 76ers","Minnesota Timberwolves",93,91,2,184,12,9,21
"4834",2017-01-03,"Boston Celtics","Utah Jazz",115,104,11,219,4,8,12
"4835",2017-01-03,"Detroit Pistons","Indiana Pacers",116,121,-5,237,16,6,22
"4836",2017-01-03,"Dallas Mavericks","Washington Wizards",113,105,8,218,2,5,7
"4837",2017-01-03,"San Antonio Spurs","Toronto Raptors",110,82,28,192,6,14,20
"4838",2017-01-03,"Denver Nuggets","Sacramento Kings",113,120,-7,233,4,5,9
"4839",2017-01-03,"Phoenix Suns","Miami Heat",99,90,9,189,13,15,28
"4840",2017-01-03,"Los Angeles Lakers","Memphis Grizzlies",116,102,14,218,9,5,14
"4841",2017-01-02,"Milwaukee Bucks","Oklahoma City Thunder",98,94,4,192,7,8,15
"4842",2017-01-02,"Cleveland Cavaliers","New Orleans Pelicans",90,82,8,172,11,8,19
"4843",2017-01-02,"Brooklyn Nets","Utah Jazz",89,101,-12,190,8,12,20
"4844",2017-01-02,"New York Knicks","Orlando Magic",103,115,-12,218,16,13,29
"4845",2017-01-02,"Chicago Bulls","Charlotte Hornets",118,111,7,229,15,7,22
"4846",2017-01-02,"Houston Rockets","Washington Wizards",101,91,10,192,7,7,14
"4847",2017-01-02,"Los Angeles Clippers","Phoenix Suns",109,98,11,207,12,19,31
"4848",2017-01-02,"Golden State Warriors","Denver Nuggets",127,119,8,246,12,16,28
"4849",2017-01-01,"Atlanta Hawks","San Antonio Spurs",114,112,2,226,11,9,20
"4850",2017-01-01,"Miami Heat","Detroit Pistons",98,107,-9,205,3,10,13
"4851",2017-01-01,"Indiana Pacers","Orlando Magic",117,104,13,221,8,10,18
"4852",2017-01-01,"Minnesota Timberwolves","Portland Trail Blazers",89,95,-6,184,13,4,17
"4853",2017-01-01,"Los Angeles Lakers","Toronto Raptors",114,123,-9,237,16,5,21
"4854",2016-12-31,"Sacramento Kings","Memphis Grizzlies",98,112,-14,210,11,12,23
"4855",2016-12-31,"Chicago Bulls","Milwaukee Bucks",96,116,-20,212,14,8,22
"4856",2016-12-31,"Charlotte Hornets","Cleveland Cavaliers",109,121,-12,230,10,8,18
"4857",2016-12-31,"Houston Rockets","New York Knicks",129,122,7,251,10,13,23
"4858",2016-12-31,"Utah Jazz","Phoenix Suns",91,86,5,177,6,9,15
"4859",2016-12-31,"Oklahoma City Thunder","Los Angeles Clippers",114,88,26,202,8,7,15
"4860",2016-12-30,"Indiana Pacers","Chicago Bulls",111,101,10,212,8,15,23
"4861",2016-12-30,"Washington Wizards","Brooklyn Nets",118,95,23,213,8,6,14
"4862",2016-12-30,"Boston Celtics","Miami Heat",117,114,3,231,5,9,14
"4863",2016-12-30,"New Orleans Pelicans","New York Knicks",104,92,12,196,2,10,12
"4864",2016-12-30,"Houston Rockets","Los Angeles Clippers",140,116,24,256,9,11,20
"4865",2016-12-30,"Minnesota Timberwolves","Milwaukee Bucks",116,99,17,215,8,7,15
"4866",2016-12-30,"Atlanta Hawks","Detroit Pistons",105,98,7,203,12,14,26
"4867",2016-12-30,"San Antonio Spurs","Portland Trail Blazers",110,94,16,204,11,2,13
"4868",2016-12-30,"Denver Nuggets","Philadelphia 76ers",122,124,-2,246,11,15,26
"4869",2016-12-30,"Golden State Warriors","Dallas Mavericks",108,99,9,207,4,11,15
"4870",2016-12-29,"Charlotte Hornets","Miami Heat",91,82,9,173,11,4,15
"4871",2016-12-29,"Memphis Grizzlies","Oklahoma City Thunder",114,80,34,194,11,14,25
"4872",2016-12-29,"Cleveland Cavaliers","Boston Celtics",124,118,6,242,13,6,19
"4873",2016-12-29,"Utah Jazz","Philadelphia 76ers",100,83,17,183,9,13,22
"4874",2016-12-29,"Phoenix Suns","Toronto Raptors",99,91,8,190,12,9,21
"4875",2016-12-29,"Los Angeles Lakers","Dallas Mavericks",89,101,-12,190,7,10,17
"4876",2016-12-28,"Washington Wizards","Indiana Pacers",111,105,6,216,15,5,20
"4877",2016-12-28,"Orlando Magic","Charlotte Hornets",101,120,-19,221,9,10,19
"4878",2016-12-28,"Atlanta Hawks","New York Knicks",102,98,4,200,17,14,31
"4879",2016-12-28,"Detroit Pistons","Milwaukee Bucks",94,119,-25,213,11,3,14
"4880",2016-12-28,"Chicago Bulls","Brooklyn Nets",101,99,2,200,17,9,26
"4881",2016-12-28,"New Orleans Pelicans","Los Angeles Clippers",102,98,4,200,8,16,24
"4882",2016-12-28,"San Antonio Spurs","Phoenix Suns",119,98,21,217,16,7,23
"4883",2016-12-28,"Denver Nuggets","Minnesota Timberwolves",105,103,2,208,8,16,24
"4884",2016-12-28,"Portland Trail Blazers","Sacramento Kings",102,89,13,191,5,6,11
"4885",2016-12-28,"Golden State Warriors","Toronto Raptors",121,111,10,232,9,19,28
"4886",2016-12-27,"Boston Celtics","Memphis Grizzlies",113,103,10,216,14,13,27
"4887",2016-12-27,"Miami Heat","Oklahoma City Thunder",94,106,-12,200,9,14,23
"4888",2016-12-27,"Dallas Mavericks","Houston Rockets",107,123,-16,230,12,10,22
"4889",2016-12-27,"Los Angeles Lakers","Utah Jazz",100,102,-2,202,15,14,29
"4890",2016-12-26,"Washington Wizards","Milwaukee Bucks",107,102,5,209,7,12,19
"4891",2016-12-26,"Orlando Magic","Memphis Grizzlies",112,102,10,214,8,3,11
"4892",2016-12-26,"Brooklyn Nets","Charlotte Hornets",120,118,2,238,4,12,16
"4893",2016-12-26,"Detroit Pistons","Cleveland Cavaliers",106,90,16,196,10,10,20
"4894",2016-12-26,"Chicago Bulls","Indiana Pacers",90,85,5,175,16,9,25
"4895",2016-12-26,"New Orleans Pelicans","Dallas Mavericks",111,104,7,215,5,4,9
"4896",2016-12-26,"Houston Rockets","Phoenix Suns",131,115,16,246,10,16,26
"4897",2016-12-26,"Minnesota Timberwolves","Atlanta Hawks",104,90,14,194,11,17,28
"4898",2016-12-26,"Portland Trail Blazers","Toronto Raptors",91,95,-4,186,11,14,25
"4899",2016-12-26,"Los Angeles Clippers","Denver Nuggets",102,106,-4,208,4,11,15
"4900",2016-12-26,"Sacramento Kings","Philadelphia 76ers",102,100,2,202,13,8,21
"4901",2016-12-25,"New York Knicks","Boston Celtics",114,119,-5,233,17,12,29
"4902",2016-12-25,"Cleveland Cavaliers","Golden State Warriors",109,108,1,217,18,5,23
"4903",2016-12-25,"San Antonio Spurs","Chicago Bulls",119,100,19,219,11,14,25
"4904",2016-12-25,"Oklahoma City Thunder","Minnesota Timberwolves",112,100,12,212,9,11,20
"4905",2016-12-25,"Los Angeles Lakers","Los Angeles Clippers",111,102,9,213,13,10,23
"4906",2016-12-23,"Charlotte Hornets","Chicago Bulls",103,91,12,194,12,17,29
"4907",2016-12-23,"Orlando Magic","Los Angeles Lakers",109,90,19,199,7,12,19
"4908",2016-12-23,"Cleveland Cavaliers","Brooklyn Nets",119,99,20,218,11,7,18
"4909",2016-12-23,"Boston Celtics","Oklahoma City Thunder",112,117,-5,229,10,10,20
"4910",2016-12-23,"Detroit Pistons","Golden State Warriors",113,119,-6,232,5,4,9
"4911",2016-12-23,"Milwaukee Bucks","Washington Wizards",123,96,27,219,8,5,13
"4912",2016-12-23,"Memphis Grizzlies","Houston Rockets",115,109,6,224,9,10,19
"4913",2016-12-23,"New Orleans Pelicans","Miami Heat",91,87,4,178,11,11,22
"4914",2016-12-23,"Minnesota Timberwolves","Sacramento Kings",105,109,-4,214,12,6,18
"4915",2016-12-23,"Denver Nuggets","Atlanta Hawks",108,109,-1,217,7,9,16
"4916",2016-12-23,"Utah Jazz","Toronto Raptors",98,104,-6,202,9,5,14
"4917",2016-12-23,"Phoenix Suns","Philadelphia 76ers",123,116,7,239,11,8,19
"4918",2016-12-23,"Portland Trail Blazers","San Antonio Spurs",90,110,-20,200,10,13,23
"4919",2016-12-23,"Los Angeles Clippers","Dallas Mavericks",88,90,-2,178,6,14,20
"4920",2016-12-22,"Indiana Pacers","Boston Celtics",102,109,-7,211,8,9,17
"4921",2016-12-22,"Brooklyn Nets","Golden State Warriors",101,117,-16,218,7,11,18
"4922",2016-12-22,"New York Knicks","Orlando Magic",106,95,11,201,18,10,28
"4923",2016-12-22,"Miami Heat","Los Angeles Lakers",115,107,8,222,10,9,19
"4924",2016-12-22,"Los Angeles Clippers","San Antonio Spurs",106,101,5,207,6,18,24
"4925",2016-12-21,"Cleveland Cavaliers","Milwaukee Bucks",113,102,11,215,9,6,15
"4926",2016-12-21,"Atlanta Hawks","Minnesota Timberwolves",84,92,-8,176,8,15,23
"4927",2016-12-21,"Detroit Pistons","Memphis Grizzlies",86,98,-12,184,10,7,17
"4928",2016-12-21,"Chicago Bulls","Washington Wizards",97,107,-10,204,17,6,23
"4929",2016-12-21,"New Orleans Pelicans","Oklahoma City Thunder",110,121,-11,231,6,13,19
"4930",2016-12-21,"Utah Jazz","Sacramento Kings",93,94,-1,187,7,8,15
"4931",2016-12-21,"Phoenix Suns","Houston Rockets",111,125,-14,236,14,9,23
"4932",2016-12-21,"Portland Trail Blazers","Dallas Mavericks",95,96,-1,191,9,10,19
"4933",2016-12-20,"Philadelphia 76ers","New Orleans Pelicans",93,108,-15,201,6,16,22
"4934",2016-12-20,"Charlotte Hornets","Los Angeles Lakers",117,113,4,230,16,10,26
"4935",2016-12-20,"Toronto Raptors","Brooklyn Nets",116,104,12,220,12,14,26
"4936",2016-12-20,"New York Knicks","Indiana Pacers",118,111,7,229,4,11,15
"4937",2016-12-20,"Miami Heat","Orlando Magic",130,136,-6,266,9,6,15
"4938",2016-12-20,"Milwaukee Bucks","Cleveland Cavaliers",108,114,-6,222,11,9,20
"4939",2016-12-20,"Memphis Grizzlies","Boston Celtics",109,112,-3,221,17,8,25
"4940",2016-12-20,"Houston Rockets","San Antonio Spurs",100,102,-2,202,20,10,30
"4941",2016-12-20,"Los Angeles Clippers","Denver Nuggets",119,102,17,221,5,15,20
"4942",2016-12-20,"Golden State Warriors","Utah Jazz",104,74,30,178,9,10,19
"4943",2016-12-20,"Sacramento Kings","Portland Trail Blazers",126,121,5,247,4,15,19
"4944",2016-12-19,"Indiana Pacers","Washington Wizards",107,105,2,212,9,14,23
"4945",2016-12-19,"Chicago Bulls","Detroit Pistons",113,82,31,195,9,10,19
"4946",2016-12-19,"Oklahoma City Thunder","Atlanta Hawks",108,110,-2,218,15,5,20
"4947",2016-12-19,"Minnesota Timberwolves","Phoenix Suns",115,108,7,223,11,8,19
"4948",2016-12-19,"Denver Nuggets","Dallas Mavericks",117,107,10,224,7,4,11
"4949",2016-12-18,"Washington Wizards","Los Angeles Clippers",117,110,7,227,9,12,21
"4950",2016-12-18,"Dallas Mavericks","Sacramento Kings",99,79,20,178,6,6,12
"4951",2016-12-18,"Memphis Grizzlies","Utah Jazz",73,82,-9,155,19,5,24
"4952",2016-12-18,"Philadelphia 76ers","Brooklyn Nets",108,107,1,215,13,7,20
"4953",2016-12-18,"Orlando Magic","Toronto Raptors",79,109,-30,188,10,10,20
"4954",2016-12-18,"Miami Heat","Boston Celtics",95,105,-10,200,6,11,17
"4955",2016-12-18,"San Antonio Spurs","New Orleans Pelicans",113,100,13,213,12,8,20
"4956",2016-12-17,"Oklahoma City Thunder","Phoenix Suns",114,101,13,215,10,16,26
"4957",2016-12-17,"Detroit Pistons","Indiana Pacers",90,105,-15,195,10,9,19
"4958",2016-12-17,"Atlanta Hawks","Charlotte Hornets",99,107,-8,206,9,7,16
"4959",2016-12-17,"Cleveland Cavaliers","Los Angeles Lakers",119,108,11,227,11,10,21
"4960",2016-12-17,"Minnesota Timberwolves","Houston Rockets",109,111,-2,220,13,10,23
"4961",2016-12-17,"Denver Nuggets","New York Knicks",127,114,13,241,11,9,20
"4962",2016-12-17,"Golden State Warriors","Portland Trail Blazers",135,90,45,225,9,7,16
"4963",2016-12-16,"Washington Wizards","Detroit Pistons",122,108,14,230,3,10,13
"4964",2016-12-16,"Orlando Magic","Brooklyn Nets",118,111,7,229,13,6,19
"4965",2016-12-16,"Boston Celtics","Charlotte Hornets",96,88,8,184,5,16,21
"4966",2016-12-16,"Toronto Raptors","Atlanta Hawks",121,125,-4,246,8,15,23
"4967",2016-12-16,"Chicago Bulls","Milwaukee Bucks",69,95,-26,164,19,11,30
"4968",2016-12-16,"Memphis Grizzlies","Sacramento Kings",92,96,-4,188,13,13,26
"4969",2016-12-16,"Houston Rockets","New Orleans Pelicans",122,100,22,222,13,13,26
"4970",2016-12-16,"Philadelphia 76ers","Los Angeles Lakers",89,100,-11,189,16,8,24
"4971",2016-12-16,"Miami Heat","Los Angeles Clippers",98,102,-4,200,10,7,17
"4972",2016-12-16,"Utah Jazz","Dallas Mavericks",103,100,3,203,8,7,15
"4973",2016-12-15,"Milwaukee Bucks","Chicago Bulls",108,97,11,205,13,6,19
"4974",2016-12-15,"New Orleans Pelicans","Indiana Pacers",102,95,7,197,11,7,18
"4975",2016-12-15,"Denver Nuggets","Portland Trail Blazers",132,120,12,252,5,15,20
"4976",2016-12-15,"Phoenix Suns","San Antonio Spurs",92,107,-15,199,11,9,20
"4977",2016-12-15,"Golden State Warriors","New York Knicks",103,90,13,193,15,14,29
"4978",2016-12-14,"Philadelphia 76ers","Toronto Raptors",114,123,-9,237,14,15,29
"4979",2016-12-14,"Washington Wizards","Charlotte Hornets",109,106,3,215,12,5,17
"4980",2016-12-14,"Orlando Magic","Los Angeles Clippers",108,113,-5,221,12,7,19
"4981",2016-12-14,"Miami Heat","Indiana Pacers",95,89,6,184,14,6,20
"4982",2016-12-14,"Brooklyn Nets","Los Angeles Lakers",107,97,10,204,19,18,37
"4983",2016-12-14,"Memphis Grizzlies","Cleveland Cavaliers",93,85,8,178,14,7,21
"4984",2016-12-14,"Houston Rockets","Sacramento Kings",132,98,34,230,8,12,20
"4985",2016-12-14,"Dallas Mavericks","Detroit Pistons",85,95,-10,180,6,10,16
"4986",2016-12-14,"Utah Jazz","Oklahoma City Thunder",109,89,20,198,4,13,17
"4987",2016-12-14,"San Antonio Spurs","Boston Celtics",108,101,7,209,5,8,13
"4988",2016-12-13,"Cleveland Cavaliers","Memphis Grizzlies",103,86,17,189,10,11,21
"4989",2016-12-13,"Atlanta Hawks","Orlando Magic",120,131,-11,251,13,5,18
"4990",2016-12-13,"Chicago Bulls","Minnesota Timberwolves",94,99,-5,193,13,14,27
"4991",2016-12-13,"New Orleans Pelicans","Golden State Warriors",109,113,-4,222,6,9,15
"4992",2016-12-13,"Phoenix Suns","New York Knicks",113,111,2,224,16,11,27
"4993",2016-12-13,"Portland Trail Blazers","Oklahoma City Thunder",114,95,19,209,8,16,24
"4994",2016-12-12,"Indiana Pacers","Charlotte Hornets",110,94,16,204,5,9,14
"4995",2016-12-12,"Toronto Raptors","Milwaukee Bucks",122,100,22,222,14,12,26
"4996",2016-12-12,"Miami Heat","Washington Wizards",112,101,11,213,11,10,21
"4997",2016-12-12,"Houston Rockets","Brooklyn Nets",122,118,4,240,11,6,17
"4998",2016-12-12,"Dallas Mavericks","Denver Nuggets",112,92,20,204,8,20,28
"4999",2016-12-12,"Los Angeles Clippers","Portland Trail Blazers",121,120,1,241,13,13,26
"5000",2016-12-12,"Sacramento Kings","Los Angeles Lakers",116,92,24,208,13,17,30
"5001",2016-12-11,"Detroit Pistons","Philadelphia 76ers",79,97,-18,176,10,5,15
"5002",2016-12-11,"Oklahoma City Thunder","Boston Celtics",99,96,3,195,15,12,27
"5003",2016-12-11,"Minnesota Timberwolves","Golden State Warriors",108,116,-8,224,16,6,22
"5004",2016-12-11,"Phoenix Suns","New Orleans Pelicans",119,120,-1,239,14,14,28
"5005",2016-12-11,"Los Angeles Lakers","New York Knicks",112,118,-6,230,9,8,17
"5006",2016-12-10,"Washington Wizards","Milwaukee Bucks",110,105,5,215,12,7,19
"5007",2016-12-10,"Orlando Magic","Denver Nuggets",113,121,-8,234,5,9,14
"5008",2016-12-10,"Indiana Pacers","Portland Trail Blazers",118,111,7,229,10,9,19
"5009",2016-12-10,"Cleveland Cavaliers","Charlotte Hornets",116,105,11,221,7,12,19
"5010",2016-12-10,"Chicago Bulls","Miami Heat",105,100,5,205,12,14,26
"5011",2016-12-10,"Memphis Grizzlies","Golden State Warriors",110,89,21,199,11,10,21
"5012",2016-12-10,"Houston Rockets","Dallas Mavericks",109,87,22,196,10,6,16
"5013",2016-12-10,"San Antonio Spurs","Brooklyn Nets",130,101,29,231,8,11,19
"5014",2016-12-10,"Utah Jazz","Sacramento Kings",104,84,20,188,13,12,25
"5015",2016-12-10,"Los Angeles Clippers","New Orleans Pelicans",133,105,28,238,9,8,17
"5016",2016-12-09,"Charlotte Hornets","Orlando Magic",109,88,21,197,13,9,22
"5017",2016-12-09,"Cleveland Cavaliers","Miami Heat",114,84,30,198,11,23,34
"5018",2016-12-09,"Boston Celtics","Toronto Raptors",94,101,-7,195,8,8,16
"5019",2016-12-09,"Milwaukee Bucks","Atlanta Hawks",110,114,-4,224,9,9,18
"5020",2016-12-09,"Oklahoma City Thunder","Houston Rockets",99,102,-3,201,9,16,25
"5021",2016-12-09,"Minnesota Timberwolves","Detroit Pistons",90,117,-27,207,7,11,18
"5022",2016-12-09,"Dallas Mavericks","Indiana Pacers",111,103,8,214,5,4,9
"5023",2016-12-09,"Los Angeles Lakers","Phoenix Suns",115,119,-4,234,10,9,19
"5024",2016-12-09,"Sacramento Kings","New York Knicks",100,103,-3,203,6,12,18
"5025",2016-12-08,"Toronto Raptors","Minnesota Timberwolves",124,110,14,234,16,16,32
"5026",2016-12-08,"Washington Wizards","Denver Nuggets",92,85,7,177,8,14,22
"5027",2016-12-08,"Memphis Grizzlies","Portland Trail Blazers",88,86,2,174,15,13,28
"5028",2016-12-08,"New Orleans Pelicans","Philadelphia 76ers",88,99,-11,187,11,11,22
"5029",2016-12-08,"Utah Jazz","Golden State Warriors",99,106,-7,205,12,9,21
"5030",2016-12-08,"Chicago Bulls","San Antonio Spurs",95,91,4,186,11,11,22
"5031",2016-12-07,"Charlotte Hornets","Detroit Pistons",87,77,10,164,5,7,12
"5032",2016-12-07,"Orlando Magic","Boston Celtics",87,117,-30,204,8,11,19
"5033",2016-12-07,"Brooklyn Nets","Denver Nuggets",116,111,5,227,10,26,36
"5034",2016-12-07,"Atlanta Hawks","Miami Heat",103,95,8,198,14,8,22
"5035",2016-12-07,"Milwaukee Bucks","Portland Trail Blazers",115,107,8,222,5,10,15
"5036",2016-12-07,"Houston Rockets","Los Angeles Lakers",134,95,39,229,15,14,29
"5037",2016-12-07,"New York Knicks","Cleveland Cavaliers",94,126,-32,220,13,10,23
"5038",2016-12-07,"Dallas Mavericks","Sacramento Kings",89,120,-31,209,9,6,15
"5039",2016-12-07,"Phoenix Suns","Indiana Pacers",94,109,-15,203,9,12,21
"5040",2016-12-07,"Los Angeles Clippers","Golden State Warriors",98,115,-17,213,17,12,29
"5041",2016-12-06,"Washington Wizards","Orlando Magic",116,124,-8,240,10,8,18
"5042",2016-12-06,"Miami Heat","New York Knicks",103,114,-11,217,16,18,34
"5043",2016-12-06,"Detroit Pistons","Chicago Bulls",102,91,11,193,9,9,18
"5044",2016-12-06,"Memphis Grizzlies","Philadelphia 76ers",96,91,5,187,12,9,21
"5045",2016-12-06,"Minnesota Timberwolves","San Antonio Spurs",91,105,-14,196,11,3,14
"5046",2016-12-06,"Utah Jazz","Phoenix Suns",112,105,7,217,6,12,18
"5047",2016-12-05,"Philadelphia 76ers","Denver Nuggets",98,106,-8,204,12,10,22
"5048",2016-12-05,"Toronto Raptors","Cleveland Cavaliers",112,116,-4,228,10,13,23
"5049",2016-12-05,"Brooklyn Nets","Washington Wizards",113,118,-5,231,13,8,21
"5050",2016-12-05,"Atlanta Hawks","Oklahoma City Thunder",99,102,-3,201,7,8,15
"5051",2016-12-05,"Chicago Bulls","Portland Trail Blazers",110,112,-2,222,15,10,25
"5052",2016-12-05,"Milwaukee Bucks","San Antonio Spurs",96,97,-1,193,7,12,19
"5053",2016-12-05,"New Orleans Pelicans","Memphis Grizzlies",108,110,-2,218,6,13,19
"5054",2016-12-05,"Houston Rockets","Boston Celtics",107,106,1,213,7,10,17
"5055",2016-12-05,"Dallas Mavericks","Charlotte Hornets",101,109,-8,210,9,9,18
"5056",2016-12-05,"Los Angeles Lakers","Utah Jazz",101,107,-6,208,15,11,26
"5057",2016-12-05,"Golden State Warriors","Indiana Pacers",142,106,36,248,16,9,25
"5058",2016-12-04,"Detroit Pistons","Orlando Magic",92,98,-6,190,10,4,14
"5059",2016-12-04,"Oklahoma City Thunder","New Orleans Pelicans",101,92,9,193,11,12,23
"5060",2016-12-04,"New York Knicks","Sacramento Kings",106,98,8,204,14,18,32
"5061",2016-12-04,"Los Angeles Clippers","Indiana Pacers",102,111,-9,213,16,5,21
"5062",2016-12-03,"Milwaukee Bucks","Brooklyn Nets",112,103,9,215,7,10,17
"5063",2016-12-03,"Charlotte Hornets","Minnesota Timberwolves",120,125,-5,245,13,14,27
"5064",2016-12-03,"Toronto Raptors","Atlanta Hawks",128,84,44,212,12,13,25
"5065",2016-12-03,"Philadelphia 76ers","Boston Celtics",106,107,-1,213,8,6,14
"5066",2016-12-03,"Memphis Grizzlies","Los Angeles Lakers",103,100,3,203,14,14,28
"5067",2016-12-03,"Dallas Mavericks","Chicago Bulls",107,82,25,189,13,11,24
"5068",2016-12-03,"Utah Jazz","Denver Nuggets",105,98,7,203,7,7,14
"5069",2016-12-03,"Portland Trail Blazers","Miami Heat",99,92,7,191,12,8,20
"5070",2016-12-03,"Golden State Warriors","Phoenix Suns",138,109,29,247,6,14,20
"5071",2016-12-02,"Philadelphia 76ers","Orlando Magic",88,105,-17,193,15,7,22
"5072",2016-12-02,"Boston Celtics","Sacramento Kings",97,92,5,189,11,14,25
"5073",2016-12-02,"Toronto Raptors","Los Angeles Lakers",113,80,33,193,7,19,26
"5074",2016-12-02,"New York Knicks","Minnesota Timberwolves",118,114,4,232,11,13,24
"5075",2016-12-02,"Chicago Bulls","Cleveland Cavaliers",111,105,6,216,16,6,22
"5076",2016-12-02,"New Orleans Pelicans","Los Angeles Clippers",96,114,-18,210,10,12,22
"5077",2016-12-02,"Atlanta Hawks","Detroit Pistons",85,121,-36,206,6,11,17
"5078",2016-12-02,"San Antonio Spurs","Washington Wizards",107,105,2,212,12,9,21
"5079",2016-12-02,"Denver Nuggets","Houston Rockets",110,128,-18,238,24,10,34
"5080",2016-12-01,"Charlotte Hornets","Dallas Mavericks",97,87,10,184,4,9,13
"5081",2016-12-01,"Brooklyn Nets","Milwaukee Bucks",93,111,-18,204,12,14,26
"5082",2016-12-01,"Memphis Grizzlies","Orlando Magic",95,94,1,189,8,7,15
"5083",2016-12-01,"Cleveland Cavaliers","Los Angeles Clippers",94,113,-19,207,6,14,20
"5084",2016-12-01,"Utah Jazz","Miami Heat",110,111,-1,221,5,13,18
"5085",2016-12-01,"Golden State Warriors","Houston Rockets",127,132,-5,259,13,15,28
"5086",2016-11-30,"Boston Celtics","Detroit Pistons",114,121,-7,235,9,13,22
"5087",2016-11-30,"Toronto Raptors","Memphis Grizzlies",120,105,15,225,10,12,22
"5088",2016-11-30,"Chicago Bulls","Los Angeles Lakers",90,96,-6,186,14,18,32
"5089",2016-11-30,"Oklahoma City Thunder","Washington Wizards",126,115,11,241,9,11,20
"5090",2016-11-30,"Minnesota Timberwolves","New York Knicks",104,106,-2,210,11,12,23
"5091",2016-11-30,"Dallas Mavericks","San Antonio Spurs",87,94,-7,181,8,7,15
"5092",2016-11-30,"Denver Nuggets","Miami Heat",98,106,-8,204,14,11,25
"5093",2016-11-30,"Phoenix Suns","Atlanta Hawks",109,107,2,216,13,7,20
"5094",2016-11-30,"Portland Trail Blazers","Indiana Pacers",131,109,22,240,14,4,18
"5095",2016-11-29,"Charlotte Hornets","Detroit Pistons",89,112,-23,201,5,9,14
"5096",2016-11-29,"Brooklyn Nets","Los Angeles Clippers",127,122,5,249,8,11,19
"5097",2016-11-29,"Milwaukee Bucks","Cleveland Cavaliers",118,101,17,219,10,7,17
"5098",2016-11-29,"New Orleans Pelicans","Los Angeles Lakers",105,88,17,193,13,9,22
"5099",2016-11-29,"San Antonio Spurs","Orlando Magic",83,95,-12,178,10,9,19
"5100",2016-11-29,"Utah Jazz","Houston Rockets",120,101,19,221,5,15,20
"5101",2016-11-28,"Washington Wizards","Sacramento Kings",101,95,6,196,11,13,24
"5102",2016-11-28,"Toronto Raptors","Philadelphia 76ers",122,95,27,217,8,12,20
"5103",2016-11-28,"New York Knicks","Oklahoma City Thunder",103,112,-9,215,12,17,29
"5104",2016-11-28,"Miami Heat","Boston Celtics",104,112,-8,216,7,6,13
"5105",2016-11-28,"Memphis Grizzlies","Charlotte Hornets",85,104,-19,189,8,9,17
"5106",2016-11-28,"Minnesota Timberwolves","Utah Jazz",103,112,-9,215,10,12,22
"5107",2016-11-28,"Golden State Warriors","Atlanta Hawks",105,100,5,205,7,13,20
"5108",2016-11-27,"Philadelphia 76ers","Cleveland Cavaliers",108,112,-4,220,13,14,27
"5109",2016-11-27,"Phoenix Suns","Denver Nuggets",114,120,-6,234,9,10,19
"5110",2016-11-27,"Brooklyn Nets","Sacramento Kings",105,122,-17,227,9,9,18
"5111",2016-11-27,"Orlando Magic","Milwaukee Bucks",96,104,-8,200,10,10,20
"5112",2016-11-27,"Indiana Pacers","Los Angeles Clippers",91,70,21,161,13,6,19
"5113",2016-11-27,"Dallas Mavericks","New Orleans Pelicans",91,81,10,172,11,10,21
"5114",2016-11-27,"Portland Trail Blazers","Houston Rockets",114,130,-16,244,8,7,15
"5115",2016-11-27,"Los Angeles Lakers","Atlanta Hawks",109,94,15,203,15,7,22
"5116",2016-11-26,"Washington Wizards","San Antonio Spurs",100,112,-12,212,12,6,18
"5117",2016-11-26,"Charlotte Hornets","New York Knicks",107,102,5,209,10,11,21
"5118",2016-11-26,"Oklahoma City Thunder","Detroit Pistons",106,88,18,194,10,6,16
"5119",2016-11-26,"Miami Heat","Memphis Grizzlies",107,110,-3,217,8,2,10
"5120",2016-11-26,"Golden State Warriors","Minnesota Timberwolves",115,102,13,217,12,8,20
"5121",2016-11-25,"Boston Celtics","San Antonio Spurs",103,109,-6,212,8,13,21
"5122",2016-11-25,"Orlando Magic","Washington Wizards",91,94,-3,185,14,7,21
"5123",2016-11-25,"Cleveland Cavaliers","Dallas Mavericks",128,90,38,218,9,11,20
"5124",2016-11-25,"New York Knicks","Charlotte Hornets",113,111,2,224,13,10,23
"5125",2016-11-25,"Philadelphia 76ers","Chicago Bulls",89,105,-16,194,8,11,19
"5126",2016-11-25,"Detroit Pistons","Los Angeles Clippers",108,97,11,205,9,6,15
"5127",2016-11-25,"Utah Jazz","Atlanta Hawks",95,68,27,163,9,6,15
"5128",2016-11-25,"Milwaukee Bucks","Toronto Raptors",99,105,-6,204,7,11,18
"5129",2016-11-25,"Memphis Grizzlies","Miami Heat",81,90,-9,171,16,10,26
"5130",2016-11-25,"Indiana Pacers","Brooklyn Nets",118,97,21,215,9,9,18
"5131",2016-11-25,"Denver Nuggets","Oklahoma City Thunder",129,132,-3,261,13,7,20
"5132",2016-11-25,"Phoenix Suns","Minnesota Timberwolves",85,98,-13,183,12,11,23
"5133",2016-11-25,"Portland Trail Blazers","New Orleans Pelicans",119,104,15,223,12,2,14
"5134",2016-11-25,"Los Angeles Lakers","Golden State Warriors",85,109,-24,194,14,4,18
"5135",2016-11-25,"Sacramento Kings","Houston Rockets",104,117,-13,221,4,8,12
"5136",2016-11-23,"Philadelphia 76ers","Memphis Grizzlies",99,104,-5,203,8,9,17
"5137",2016-11-23,"Charlotte Hornets","San Antonio Spurs",114,119,-5,233,12,8,20
"5138",2016-11-23,"Orlando Magic","Phoenix Suns",87,92,-5,179,11,6,17
"5139",2016-11-23,"Cleveland Cavaliers","Portland Trail Blazers",137,125,12,262,9,9,18
"5140",2016-11-23,"Indiana Pacers","Atlanta Hawks",85,96,-11,181,7,17,24
"5141",2016-11-23,"Brooklyn Nets","Boston Celtics",92,111,-19,203,9,12,21
"5142",2016-11-23,"Detroit Pistons","Miami Heat",107,84,23,191,10,7,17
"5143",2016-11-23,"Houston Rockets","Toronto Raptors",102,115,-13,217,11,15,26
"5144",2016-11-23,"Dallas Mavericks","Los Angeles Clippers",104,124,-20,228,10,6,16
"5145",2016-11-23,"Utah Jazz","Denver Nuggets",108,83,25,191,4,14,18
"5146",2016-11-23,"New Orleans Pelicans","Minnesota Timberwolves",117,96,21,213,4,8,12
"5147",2016-11-23,"Golden State Warriors","Los Angeles Lakers",149,106,43,255,6,7,13
"5148",2016-11-23,"Sacramento Kings","Oklahoma City Thunder",116,101,15,217,11,5,16
"5149",2016-11-22,"New York Knicks","Portland Trail Blazers",107,103,4,210,10,11,21
"5150",2016-11-22,"Atlanta Hawks","New Orleans Pelicans",94,112,-18,206,6,5,11
"5151",2016-11-22,"Denver Nuggets","Chicago Bulls",110,107,3,217,17,10,27
"5152",2016-11-22,"Los Angeles Lakers","Oklahoma City Thunder",111,109,2,220,6,11,17
"5153",2016-11-21,"Philadelphia 76ers","Miami Heat",101,94,7,195,7,21,28
"5154",2016-11-21,"Washington Wizards","Phoenix Suns",106,101,5,207,14,13,27
"5155",2016-11-21,"Charlotte Hornets","Memphis Grizzlies",90,105,-15,195,8,6,14
"5156",2016-11-21,"Indiana Pacers","Golden State Warriors",83,120,-37,203,15,12,27
"5157",2016-11-21,"Detroit Pistons","Houston Rockets",96,99,-3,195,12,12,24
"5158",2016-11-21,"Milwaukee Bucks","Orlando Magic",93,89,4,182,7,10,17
"5159",2016-11-21,"Minnesota Timberwolves","Boston Celtics",93,99,-6,192,16,6,22
"5160",2016-11-21,"San Antonio Spurs","Dallas Mavericks",96,91,5,187,8,10,18
"5161",2016-11-21,"Los Angeles Clippers","Toronto Raptors",123,115,8,238,6,4,10
"5162",2016-11-20,"New York Knicks","Atlanta Hawks",104,94,10,198,11,14,25
"5163",2016-11-20,"Brooklyn Nets","Portland Trail Blazers",109,129,-20,238,11,8,19
"5164",2016-11-20,"Oklahoma City Thunder","Indiana Pacers",111,115,-4,226,15,15,30
"5165",2016-11-20,"Sacramento Kings","Toronto Raptors",102,99,3,201,4,16,20
"5166",2016-11-20,"Denver Nuggets","Utah Jazz",105,91,14,196,12,14,26
"5167",2016-11-20,"Los Angeles Lakers","Chicago Bulls",110,118,-8,228,10,16,26
"5168",2016-11-19,"Houston Rockets","Utah Jazz",111,102,9,213,10,5,15
"5169",2016-11-19,"New Orleans Pelicans","Charlotte Hornets",121,116,5,237,10,8,18
"5170",2016-11-19,"Washington Wizards","Miami Heat",111,114,-3,225,13,17,30
"5171",2016-11-19,"Orlando Magic","Dallas Mavericks",95,87,8,182,10,5,15
"5172",2016-11-19,"Detroit Pistons","Boston Celtics",92,94,-2,186,11,9,20
"5173",2016-11-19,"Philadelphia 76ers","Phoenix Suns",120,105,15,225,6,12,18
"5174",2016-11-19,"Memphis Grizzlies","Minnesota Timberwolves",93,71,22,164,13,5,18
"5175",2016-11-19,"Milwaukee Bucks","Golden State Warriors",121,124,-3,245,10,18,28
"5176",2016-11-19,"Los Angeles Clippers","Chicago Bulls",102,95,7,197,11,15,26
"5177",2016-11-18,"Charlotte Hornets","Atlanta Hawks",100,96,4,196,8,8,16
"5178",2016-11-18,"Indiana Pacers","Phoenix Suns",96,116,-20,212,10,18,28
"5179",2016-11-18,"Cleveland Cavaliers","Detroit Pistons",104,81,23,185,5,11,16
"5180",2016-11-18,"New Orleans Pelicans","Portland Trail Blazers",113,101,12,214,1,13,14
"5181",2016-11-18,"Oklahoma City Thunder","Brooklyn Nets",124,105,19,229,10,7,17
"5182",2016-11-18,"Boston Celtics","Golden State Warriors",88,104,-16,192,7,9,16
"5183",2016-11-18,"Dallas Mavericks","Memphis Grizzlies",64,80,-16,144,10,7,17
"5184",2016-11-18,"Denver Nuggets","Toronto Raptors",111,113,-2,224,9,6,15
"5185",2016-11-18,"Los Angeles Lakers","San Antonio Spurs",107,116,-9,223,15,3,18
"5186",2016-11-18,"Sacramento Kings","Los Angeles Clippers",115,121,-6,236,9,5,14
"5187",2016-11-17,"Washington Wizards","New York Knicks",119,112,7,231,7,10,17
"5188",2016-11-17,"Miami Heat","Milwaukee Bucks",96,73,23,169,17,12,29
"5189",2016-11-17,"Houston Rockets","Portland Trail Blazers",126,109,17,235,17,10,27
"5190",2016-11-17,"Minnesota Timberwolves","Philadelphia 76ers",110,86,24,196,14,13,27
"5191",2016-11-17,"Utah Jazz","Chicago Bulls",77,85,-8,162,10,14,24
"5192",2016-11-16,"Philadelphia 76ers","Washington Wizards",109,102,7,211,5,11,16
"5193",2016-11-16,"Orlando Magic","New Orleans Pelicans",89,82,7,171,13,9,22
"5194",2016-11-16,"Indiana Pacers","Cleveland Cavaliers",103,93,10,196,5,11,16
"5195",2016-11-16,"Boston Celtics","Dallas Mavericks",90,83,7,173,13,5,18
"5196",2016-11-16,"New York Knicks","Detroit Pistons",105,102,3,207,19,8,27
"5197",2016-11-16,"Atlanta Hawks","Milwaukee Bucks",107,100,7,207,3,15,18
"5198",2016-11-16,"Oklahoma City Thunder","Houston Rockets",105,103,2,208,5,12,17
"5199",2016-11-16,"Toronto Raptors","Golden State Warriors",121,127,-6,248,13,7,20
"5200",2016-11-16,"Denver Nuggets","Phoenix Suns",120,104,16,224,14,7,21
"5201",2016-11-16,"Los Angeles Clippers","Memphis Grizzlies",107,111,-4,218,8,9,17
"5202",2016-11-16,"Sacramento Kings","San Antonio Spurs",105,110,-5,215,10,9,19
"5203",2016-11-15,"Cleveland Cavaliers","Toronto Raptors",121,117,4,238,10,12,22
"5204",2016-11-15,"Miami Heat","Atlanta Hawks",90,93,-3,183,17,6,23
"5205",2016-11-15,"Minnesota Timberwolves","Charlotte Hornets",108,115,-7,223,14,4,18
"5206",2016-11-15,"Portland Trail Blazers","Chicago Bulls",88,113,-25,201,15,19,34
"5207",2016-11-15,"Los Angeles Lakers","Brooklyn Nets",125,118,7,243,14,9,23
"5208",2016-11-14,"Indiana Pacers","Orlando Magic",88,69,19,157,7,9,16
"5209",2016-11-14,"New York Knicks","Dallas Mavericks",93,77,16,170,14,11,25
"5210",2016-11-14,"Detroit Pistons","Oklahoma City Thunder",104,88,16,192,4,13,17
"5211",2016-11-14,"New Orleans Pelicans","Boston Celtics",106,105,1,211,8,11,19
"5212",2016-11-14,"Houston Rockets","Philadelphia 76ers",115,88,27,203,16,10,26
"5213",2016-11-14,"San Antonio Spurs","Miami Heat",94,90,4,184,14,10,24
"5214",2016-11-14,"Utah Jazz","Memphis Grizzlies",96,102,-6,198,6,14,20
"5215",2016-11-14,"Los Angeles Clippers","Brooklyn Nets",127,95,32,222,9,9,18
"5216",2016-11-13,"Cleveland Cavaliers","Charlotte Hornets",100,93,7,193,12,10,22
"5217",2016-11-13,"Oklahoma City Thunder","Orlando Magic",117,119,-2,236,12,8,20
"5218",2016-11-13,"Minnesota Timberwolves","Los Angeles Lakers",125,99,26,224,9,5,14
"5219",2016-11-13,"Golden State Warriors","Phoenix Suns",133,120,13,253,8,8,16
"5220",2016-11-13,"Portland Trail Blazers","Denver Nuggets",112,105,7,217,14,16,30
"5221",2016-11-12,"New Orleans Pelicans","Los Angeles Lakers",99,126,-27,225,12,10,22
"5222",2016-11-12,"Indiana Pacers","Boston Celtics",99,105,-6,204,11,15,26
"5223",2016-11-12,"Toronto Raptors","New York Knicks",118,107,11,225,11,17,28
"5224",2016-11-12,"Atlanta Hawks","Philadelphia 76ers",117,96,21,213,15,10,25
"5225",2016-11-12,"Chicago Bulls","Washington Wizards",106,95,11,201,15,13,28
"5226",2016-11-12,"Houston Rockets","San Antonio Spurs",100,106,-6,206,16,2,18
"5227",2016-11-12,"Minnesota Timberwolves","Los Angeles Clippers",105,119,-14,224,15,9,24
"5228",2016-11-12,"Miami Heat","Utah Jazz",91,102,-11,193,4,6,10
"5229",2016-11-12,"Milwaukee Bucks","Memphis Grizzlies",106,96,10,202,5,3,8
"5230",2016-11-12,"Denver Nuggets","Detroit Pistons",95,106,-11,201,14,11,25
"5231",2016-11-12,"Phoenix Suns","Brooklyn Nets",104,122,-18,226,17,6,23
"5232",2016-11-11,"Philadelphia 76ers","Indiana Pacers",109,105,4,214,13,4,17
"5233",2016-11-11,"Washington Wizards","Cleveland Cavaliers",94,105,-11,199,10,13,23
"5234",2016-11-11,"Charlotte Hornets","Toronto Raptors",111,113,-2,224,18,8,26
"5235",2016-11-11,"Orlando Magic","Utah Jazz",74,87,-13,161,8,12,20
"5236",2016-11-11,"Boston Celtics","New York Knicks",115,87,28,202,19,21,40
"5237",2016-11-11,"Oklahoma City Thunder","Los Angeles Clippers",108,110,-2,218,9,11,20
"5238",2016-11-11,"San Antonio Spurs","Detroit Pistons",96,86,10,182,10,9,19
"5239",2016-11-11,"Portland Trail Blazers","Sacramento Kings",122,120,2,242,7,13,20
"5240",2016-11-10,"Milwaukee Bucks","New Orleans Pelicans",106,112,-6,218,11,11,22
"5241",2016-11-10,"Miami Heat","Chicago Bulls",95,98,-3,193,14,12,26
"5242",2016-11-10,"Denver Nuggets","Golden State Warriors",101,125,-24,226,17,9,26
"5243",2016-11-10,"Sacramento Kings","Los Angeles Lakers",91,101,-10,192,11,4,15
"5244",2016-11-09,"New York Knicks","Brooklyn Nets",110,96,14,206,9,7,16
"5245",2016-11-09,"Washington Wizards","Boston Celtics",118,93,25,211,19,7,26
"5246",2016-11-09,"Charlotte Hornets","Utah Jazz",104,98,6,202,5,10,15
"5247",2016-11-09,"Orlando Magic","Minnesota Timberwolves",107,123,-16,230,12,10,22
"5248",2016-11-09,"Indiana Pacers","Philadelphia 76ers",122,115,7,237,7,10,17
"5249",2016-11-09,"Atlanta Hawks","Chicago Bulls",115,107,8,222,13,8,21
"5250",2016-11-09,"Oklahoma City Thunder","Toronto Raptors",102,112,-10,214,11,7,18
"5251",2016-11-09,"Phoenix Suns","Detroit Pistons",107,100,7,207,10,9,19
"5252",2016-11-09,"San Antonio Spurs","Houston Rockets",99,101,-2,200,10,8,18
"5253",2016-11-09,"Los Angeles Clippers","Portland Trail Blazers",111,80,31,191,14,11,25
"5254",2016-11-09,"Golden State Warriors","Dallas Mavericks",116,95,21,211,5,13,18
"5255",2016-11-08,"Cleveland Cavaliers","Atlanta Hawks",106,110,-4,216,13,11,24
"5256",2016-11-08,"Brooklyn Nets","Minnesota Timberwolves",119,110,9,229,5,15,20
"5257",2016-11-08,"Memphis Grizzlies","Denver Nuggets",108,107,1,215,8,6,14
"5258",2016-11-08,"Portland Trail Blazers","Phoenix Suns",124,121,3,245,7,15,22
"5259",2016-11-08,"Los Angeles Lakers","Dallas Mavericks",97,109,-12,206,8,8,16
"5260",2016-11-08,"Sacramento Kings","New Orleans Pelicans",102,94,8,196,5,7,12
"5261",2016-11-07,"Philadelphia 76ers","Utah Jazz",84,109,-25,193,9,10,19
"5262",2016-11-07,"Washington Wizards","Houston Rockets",106,114,-8,220,16,6,22
"5263",2016-11-07,"Charlotte Hornets","Indiana Pacers",122,100,22,222,3,12,15
"5264",2016-11-07,"Chicago Bulls","Orlando Magic",112,80,32,192,15,6,21
"5265",2016-11-07,"Oklahoma City Thunder","Miami Heat",97,85,12,182,10,12,22
"5266",2016-11-07,"Los Angeles Clippers","Detroit Pistons",114,82,32,196,2,11,13
"5267",2016-11-07,"Golden State Warriors","New Orleans Pelicans",116,106,10,222,10,11,21
"5268",2016-11-06,"New York Knicks","Utah Jazz",109,114,-5,223,10,7,17
"5269",2016-11-06,"Memphis Grizzlies","Portland Trail Blazers",94,100,-6,194,12,5,17
"5270",2016-11-06,"Toronto Raptors","Sacramento Kings",91,96,-5,187,13,13,26
"5271",2016-11-06,"Dallas Mavericks","Milwaukee Bucks",86,75,11,161,10,9,19
"5272",2016-11-06,"Boston Celtics","Denver Nuggets",107,123,-16,230,11,9,20
"5273",2016-11-06,"Los Angeles Lakers","Phoenix Suns",119,108,11,227,15,11,26
"5274",2016-11-05,"Oklahoma City Thunder","Minnesota Timberwolves",112,92,20,204,11,17,28
"5275",2016-11-05,"Philadelphia 76ers","Cleveland Cavaliers",101,102,-1,203,5,11,16
"5276",2016-11-05,"Orlando Magic","Washington Wizards",88,86,2,174,10,14,24
"5277",2016-11-05,"Detroit Pistons","Denver Nuggets",103,86,17,189,9,16,25
"5278",2016-11-05,"Indiana Pacers","Chicago Bulls",111,94,17,205,8,13,21
"5279",2016-11-05,"Atlanta Hawks","Houston Rockets",112,97,15,209,13,12,25
"5280",2016-11-05,"Milwaukee Bucks","Sacramento Kings",117,91,26,208,17,13,30
"5281",2016-11-05,"San Antonio Spurs","Los Angeles Clippers",92,116,-24,208,7,7,14
"5282",2016-11-04,"Washington Wizards","Atlanta Hawks",95,92,3,187,11,10,21
"5283",2016-11-04,"Toronto Raptors","Miami Heat",96,87,9,183,13,12,25
"5284",2016-11-04,"Brooklyn Nets","Charlotte Hornets",95,99,-4,194,7,7,14
"5285",2016-11-04,"Chicago Bulls","New York Knicks",104,117,-13,221,15,11,26
"5286",2016-11-04,"Memphis Grizzlies","Los Angeles Clippers",88,99,-11,187,13,11,24
"5287",2016-11-04,"New Orleans Pelicans","Phoenix Suns",111,112,-1,223,6,12,18
"5288",2016-11-04,"Dallas Mavericks","Portland Trail Blazers",95,105,-10,200,7,7,14
"5289",2016-11-04,"Utah Jazz","San Antonio Spurs",86,100,-14,186,9,9,18
"5290",2016-11-04,"Los Angeles Lakers","Golden State Warriors",117,97,20,214,16,9,25
"5291",2016-11-03,"Orlando Magic","Sacramento Kings",102,94,8,196,13,11,24
"5292",2016-11-03,"Milwaukee Bucks","Indiana Pacers",125,107,18,232,12,10,22
"5293",2016-11-03,"Minnesota Timberwolves","Denver Nuggets",99,102,-3,201,14,7,21
"5294",2016-11-03,"Cleveland Cavaliers","Boston Celtics",128,122,6,250,7,10,17
"5295",2016-11-03,"Golden State Warriors","Oklahoma City Thunder",122,96,26,218,15,13,28
"5296",2016-11-02,"Washington Wizards","Toronto Raptors",103,113,-10,216,6,4,10
"5297",2016-11-02,"Charlotte Hornets","Philadelphia 76ers",109,93,16,202,9,8,17
"5298",2016-11-02,"Brooklyn Nets","Detroit Pistons",109,101,8,210,5,10,15
"5299",2016-11-02,"New York Knicks","Houston Rockets",99,118,-19,217,7,19,26
"5300",2016-11-02,"Atlanta Hawks","Los Angeles Lakers",116,123,-7,239,10,11,21
"5301",2016-11-02,"Memphis Grizzlies","New Orleans Pelicans",89,83,6,172,13,5,18
"5302",2016-11-02,"Boston Celtics","Chicago Bulls",107,100,7,207,10,15,25
"5303",2016-11-02,"Utah Jazz","Dallas Mavericks",97,81,16,178,7,6,13
"5304",2016-11-02,"Phoenix Suns","Portland Trail Blazers",118,115,3,233,14,10,24
"5305",2016-11-02,"Los Angeles Clippers","Oklahoma City Thunder",83,85,-2,168,8,10,18
"5306",2016-11-01,"Cleveland Cavaliers","Houston Rockets",128,120,8,248,12,11,23
"5307",2016-11-01,"Philadelphia 76ers","Orlando Magic",101,103,-2,204,7,12,19
"5308",2016-11-01,"Indiana Pacers","Los Angeles Lakers",115,108,7,223,11,11,22
"5309",2016-11-01,"Miami Heat","Sacramento Kings",108,96,12,204,6,9,15
"5310",2016-11-01,"Detroit Pistons","New York Knicks",102,89,13,191,10,8,18
"5311",2016-11-01,"New Orleans Pelicans","Milwaukee Bucks",113,117,-4,230,9,11,20
"5312",2016-11-01,"Minnesota Timberwolves","Memphis Grizzlies",116,80,36,196,10,8,18
"5313",2016-11-01,"San Antonio Spurs","Utah Jazz",91,106,-15,197,4,2,6
"5314",2016-11-01,"Portland Trail Blazers","Golden State Warriors",104,127,-23,231,6,7,13
"5315",2016-10-31,"Toronto Raptors","Denver Nuggets",105,102,3,207,11,11,22
"5316",2016-10-31,"Brooklyn Nets","Chicago Bulls",88,118,-30,206,16,13,29
"5317",2016-10-31,"Atlanta Hawks","Sacramento Kings",106,95,11,201,17,6,23
"5318",2016-10-31,"Los Angeles Clippers","Phoenix Suns",116,98,18,214,5,10,15
"5319",2016-10-30,"Los Angeles Clippers","Utah Jazz",88,75,13,163,14,7,21
"5320",2016-10-30,"Phoenix Suns","Golden State Warriors",100,106,-6,206,11,7,18
"5321",2016-10-30,"Miami Heat","San Antonio Spurs",99,106,-7,205,6,14,20
"5322",2016-10-30,"Detroit Pistons","Milwaukee Bucks",98,83,15,181,16,10,26
"5323",2016-10-30,"Oklahoma City Thunder","Los Angeles Lakers",113,96,17,209,10,11,21
"5324",2016-10-30,"Memphis Grizzlies","Washington Wizards",112,103,9,215,11,8,19
"5325",2016-10-30,"Houston Rockets","Dallas Mavericks",93,92,1,185,9,13,22
"5326",2016-10-29,"Philadelphia 76ers","Atlanta Hawks",72,104,-32,176,4,6,10
"5327",2016-10-29,"Charlotte Hornets","Boston Celtics",98,104,-6,202,6,4,10
"5328",2016-10-29,"New York Knicks","Memphis Grizzlies",111,104,7,215,6,11,17
"5329",2016-10-29,"Cleveland Cavaliers","Orlando Magic",105,99,6,204,13,13,26
"5330",2016-10-29,"Chicago Bulls","Indiana Pacers",118,101,17,219,13,8,21
"5331",2016-10-29,"Milwaukee Bucks","Brooklyn Nets",110,108,2,218,8,11,19
"5332",2016-10-29,"San Antonio Spurs","New Orleans Pelicans",98,79,19,177,6,7,13
"5333",2016-10-29,"Denver Nuggets","Portland Trail Blazers",113,115,-2,228,16,5,21
"5334",2016-10-29,"Sacramento Kings","Minnesota Timberwolves",106,103,3,209,11,7,18
"5335",2016-10-28,"Toronto Raptors","Cleveland Cavaliers",91,94,-3,185,18,9,27
"5336",2016-10-28,"Brooklyn Nets","Indiana Pacers",103,94,9,197,12,14,26
"5337",2016-10-28,"Detroit Pistons","Orlando Magic",108,82,26,190,9,14,23
"5338",2016-10-28,"Oklahoma City Thunder","Phoenix Suns",113,110,3,223,14,7,21
"5339",2016-10-28,"Miami Heat","Charlotte Hornets",91,97,-6,188,11,13,24
"5340",2016-10-28,"Dallas Mavericks","Houston Rockets",98,106,-8,204,6,5,11
"5341",2016-10-28,"Utah Jazz","Los Angeles Lakers",96,89,7,185,13,11,24
"5342",2016-10-28,"New Orleans Pelicans","Golden State Warriors",114,122,-8,236,12,9,21
"5343",2016-10-27,"Atlanta Hawks","Washington Wizards",114,99,15,213,14,12,26
"5344",2016-10-27,"Chicago Bulls","Boston Celtics",105,99,6,204,18,3,21
"5345",2016-10-27,"Sacramento Kings","San Antonio Spurs",94,102,-8,196,6,9,15
"5346",2016-10-27,"Portland Trail Blazers","Los Angeles Clippers",106,114,-8,220,9,15,24
"5347",2016-10-26,"Orlando Magic","Miami Heat",96,108,-12,204,15,16,31
"5348",2016-10-26,"Indiana Pacers","Dallas Mavericks",130,121,9,251,8,10,18
"5349",2016-10-26,"Boston Celtics","Brooklyn Nets",122,117,5,239,12,15,27
"5350",2016-10-26,"Toronto Raptors","Detroit Pistons",109,91,18,200,14,8,22
"5351",2016-10-26,"Milwaukee Bucks","Charlotte Hornets",96,107,-11,203,10,11,21
"5352",2016-10-26,"Memphis Grizzlies","Minnesota Timberwolves",102,98,4,200,11,15,26
"5353",2016-10-26,"New Orleans Pelicans","Denver Nuggets",102,107,-5,209,5,11,16
"5354",2016-10-26,"Philadelphia 76ers","Oklahoma City Thunder",97,103,-6,200,5,13,18
"5355",2016-10-26,"Phoenix Suns","Sacramento Kings",94,113,-19,207,10,10,20
"5356",2016-10-26,"Los Angeles Lakers","Houston Rockets",120,114,6,234,11,10,21
"5357",2016-10-25,"Cleveland Cavaliers","New York Knicks",117,88,29,205,11,13,24
"5358",2016-10-25,"Portland Trail Blazers","Utah Jazz",113,104,9,217,5,6,11
"5359",2016-10-25,"Golden State Warriors","San Antonio Spurs",100,129,-29,229,8,21,29
"5360",2016-10-21,"Washington Wizards","Toronto Raptors",119,82,37,201,10,12,22
"5361",2016-10-21,"Miami Heat","Philadelphia 76ers",110,113,-3,223,7,11,18
"5362",2016-10-21,"Minnesota Timberwolves","Charlotte Hornets",109,74,35,183,11,9,20
"5363",2016-10-21,"San Antonio Spurs","Houston Rockets",114,99,15,213,5,13,18
"5364",2016-10-21,"Denver Nuggets","Dallas Mavericks",101,75,26,176,10,6,16
"5365",2016-10-21,"Los Angeles Lakers","Phoenix Suns",94,98,-4,192,13,17,30
"5366",2016-10-21,"Golden State Warriors","Portland Trail Blazers",107,96,11,203,9,6,15
"5367",2016-10-20,"Charlotte Hornets","Miami Heat",96,88,8,184,10,12,22
"5368",2016-10-20,"Orlando Magic","New Orleans Pelicans",114,111,3,225,11,11,22
"5369",2016-10-20,"Brooklyn Nets","New York Knicks",111,116,-5,227,6,11,17
"5370",2016-10-20,"Chicago Bulls","Atlanta Hawks",81,97,-16,178,13,7,20
"5371",2016-10-19,"Boston Celtics","New York Knicks",96,121,-25,217,13,16,29
"5372",2016-10-19,"Detroit Pistons","Toronto Raptors",92,103,-11,195,4,11,15
"5373",2016-10-19,"Milwaukee Bucks","Indiana Pacers",111,103,8,214,14,11,25
"5374",2016-10-19,"Minnesota Timberwolves","Memphis Grizzlies",101,94,7,195,8,13,21
"5375",2016-10-19,"Dallas Mavericks","Houston Rockets",91,106,-15,197,10,16,26
"5376",2016-10-19,"Utah Jazz","Portland Trail Blazers",84,88,-4,172,6,8,14
"5377",2016-10-19,"Los Angeles Lakers","Golden State Warriors",112,123,-11,235,11,8,19
"5378",2016-10-18,"Cleveland Cavaliers","Washington Wizards",91,96,-5,187,5,6,11
"5379",2016-10-18,"Atlanta Hawks","New Orleans Pelicans",96,89,7,185,14,7,21
"5380",2016-10-18,"Miami Heat","Orlando Magic",107,77,30,184,7,10,17
"5381",2016-10-18,"Oklahoma City Thunder","Denver Nuggets",97,87,10,184,11,16,27
"5382",2016-10-18,"Sacramento Kings","Los Angeles Clippers",89,92,-3,181,11,4,15
"5383",2016-10-17,"Boston Celtics","Brooklyn Nets",120,99,21,219,13,8,21
"5384",2016-10-17,"Detroit Pistons","Milwaukee Bucks",102,78,24,180,9,11,20
"5385",2016-10-17,"Chicago Bulls","Charlotte Hornets",104,108,-4,212,13,18,31
"5386",2016-10-17,"Utah Jazz","Los Angeles Clippers",104,78,26,182,3,4,7
"5387",2016-10-16,"Orlando Magic","Atlanta Hawks",98,105,-7,203,11,11,22
"5388",2016-10-16,"Oklahoma City Thunder","Minnesota Timberwolves",112,94,18,206,10,10,20
"5389",2016-10-16,"Portland Trail Blazers","Denver Nuggets",97,106,-9,203,14,12,26
"5390",2016-10-15,"Philadelphia 76ers","Detroit Pistons",76,97,-21,173,7,12,19
"5391",2016-10-15,"Sacramento Kings","Washington Wizards",124,119,5,243,7,12,19
"5392",2016-10-15,"New York Knicks","Boston Celtics",107,119,-12,226,19,5,24
"5393",2016-10-15,"Miami Heat","Minnesota Timberwolves",96,101,-5,197,9,13,22
"5394",2016-10-15,"Houston Rockets","Memphis Grizzlies",125,134,-9,259,15,14,29
"5395",2016-10-15,"Milwaukee Bucks","Chicago Bulls",86,107,-21,193,4,11,15
"5396",2016-10-15,"Los Angeles Lakers","Golden State Warriors",107,112,-5,219,13,13,26
"5397",2016-10-14,"Orlando Magic","Indiana Pacers",114,106,8,220,12,9,21
"5398",2016-10-14,"Chicago Bulls","Cleveland Cavaliers",118,108,10,226,18,4,22
"5399",2016-10-14,"San Antonio Spurs","Miami Heat",100,108,-8,208,13,10,23
"5400",2016-10-14,"Denver Nuggets","Golden State Warriors",128,129,-1,257,17,11,28
"5401",2016-10-14,"Phoenix Suns","Dallas Mavericks",112,107,5,219,12,15,27
"5402",2016-10-13,"Washington Wizards","Philadelphia 76ers",100,79,21,179,8,10,18
"5403",2016-10-13,"Brooklyn Nets","Boston Celtics",97,100,-3,197,9,10,19
"5404",2016-10-13,"Atlanta Hawks","Detroit Pistons",94,99,-5,193,10,11,21
"5405",2016-10-13,"Oklahoma City Thunder","Memphis Grizzlies",94,110,-16,204,8,7,15
"5406",2016-10-13,"Cleveland Cavaliers","Toronto Raptors",94,119,-25,213,7,5,12
"5407",2016-10-13,"Los Angeles Clippers","Portland Trail Blazers",109,108,1,217,10,6,16
"5408",2016-10-13,"Los Angeles Lakers","Sacramento Kings",104,116,-12,220,8,5,13
"5409",2016-10-12,"New Orleans Pelicans","Houston Rockets",104,116,-12,220,7,15,22
"5410",2016-10-12,"Orlando Magic","San Antonio Spurs",89,95,-6,184,15,10,25
"5411",2016-10-12,"Indiana Pacers","Milwaukee Bucks",101,83,18,184,11,12,23
"5412",2016-10-12,"Minnesota Timberwolves","Denver Nuggets",105,88,17,193,10,10,20
"5413",2016-10-12,"Utah Jazz","Phoenix Suns",110,111,-1,221,12,8,20
"5414",2016-10-11,"Miami Heat","Brooklyn Nets",121,100,21,221,10,3,13
"5415",2016-10-11,"Memphis Grizzlies","Philadelphia 76ers",121,91,30,212,10,11,21
"5416",2016-10-11,"Dallas Mavericks","Oklahoma City Thunder",114,109,5,223,12,17,29
"5417",2016-10-11,"Los Angeles Lakers","Portland Trail Blazers",106,109,-3,215,11,13,24
"5418",2016-10-10,"Charlotte Hornets","Minnesota Timberwolves",98,86,12,184,7,13,20
"5419",2016-10-10,"New York Knicks","Washington Wizards",90,88,2,178,13,15,28
"5420",2016-10-10,"Atlanta Hawks","Cleveland Cavaliers",99,93,6,192,9,7,16
"5421",2016-10-10,"Detroit Pistons","San Antonio Spurs",81,86,-5,167,8,9,17
"5422",2016-10-10,"Los Angeles Clippers","Utah Jazz",94,96,-2,190,7,13,20
"5423",2016-10-09,"Houston Rockets","New Orleans Pelicans",123,117,6,240,11,7,18
"5424",2016-10-09,"Los Angeles Lakers","Denver Nuggets",124,115,9,239,2,15,17
"5425",2016-10-08,"Boston Celtics","Charlotte Hornets",104,86,18,190,5,12,17
"5426",2016-10-08,"New York Knicks","Brooklyn Nets",116,98,18,214,9,12,21
"5427",2016-10-08,"Cleveland Cavaliers","Philadelphia 76ers",108,105,3,213,5,13,18
"5428",2016-10-08,"Chicago Bulls","Indiana Pacers",121,105,16,226,9,4,13
"5429",2016-10-08,"Miami Heat","Minnesota Timberwolves",100,109,-9,209,6,14,20
"5430",2016-10-08,"Milwaukee Bucks","Dallas Mavericks",88,74,14,162,11,17,28
"5431",2016-10-08,"San Antonio Spurs","Atlanta Hawks",102,91,11,193,4,9,13
"5432",2016-10-07,"Portland Trail Blazers","Phoenix Suns",115,110,5,225,14,11,25
"5433",2016-10-07,"Los Angeles Lakers","Denver Nuggets",97,101,-4,198,8,15,23
"5434",2016-10-06,"Philadelphia 76ers","Washington Wizards",119,125,-6,244,12,13,25
"5435",2016-10-06,"Indiana Pacers","Chicago Bulls",115,108,7,223,13,4,17
"5436",2016-10-06,"Brooklyn Nets","Detroit Pistons",101,94,7,195,5,17,22
"5437",2016-10-06,"Charlotte Hornets","Boston Celtics",92,107,-15,199,6,9,15
"5438",2016-10-06,"Memphis Grizzlies","Atlanta Hawks",83,104,-21,187,11,11,22
"5439",2016-10-06,"Golden State Warriors","Sacramento Kings",105,96,9,201,7,10,17
"5440",2016-10-05,"Cleveland Cavaliers","Orlando Magic",117,102,15,219,4,6,10
"5441",2016-10-05,"Phoenix Suns","Utah Jazz",99,104,-5,203,22,10,32
"5442",2016-10-05,"Los Angeles Clippers","Toronto Raptors",104,98,6,202,9,8,17
"5443",2016-10-04,"Philadelphia 76ers","Boston Celtics",92,89,3,181,8,8,16
"5444",2016-10-04,"Washington Wizards","Miami Heat",95,106,-11,201,10,5,15
"5445",2016-10-04,"New Orleans Pelicans","Indiana Pacers",96,113,-17,209,3,16,19
"5446",2016-10-04,"Houston Rockets","New York Knicks",130,103,27,233,7,10,17
"5447",2016-10-04,"Los Angeles Lakers","Sacramento Kings",103,84,19,187,12,7,19
"5448",2016-10-04,"Golden State Warriors","Los Angeles Clippers",120,75,45,195,6,4,10
"5449",2016-10-03,"Chicago Bulls","Milwaukee Bucks",91,93,-2,184,11,15,26
"5450",2016-10-03,"Memphis Grizzlies","Orlando Magic",102,97,5,199,5,5,10
"5451",2016-10-03,"Dallas Mavericks","Charlotte Hornets",95,88,7,183,9,10,19
"5452",2016-10-03,"Toronto Raptors","Denver Nuggets",106,108,-2,214,14,13,27
"5453",2016-10-03,"Phoenix Suns","San Antonio Spurs",91,86,5,177,13,11,24
"5454",2016-10-01,"Toronto Raptors","Golden State Warriors",97,93,4,190,16,9,25
"5455",2016-10-01,"New Orleans Pelicans","Dallas Mavericks",116,102,14,218,9,13,22
"5456",2016-06-19,"Golden State Warriors","Cleveland Cavaliers",89,93,-4,182,7,9,16
"5457",2016-06-16,"Cleveland Cavaliers","Golden State Warriors",115,101,14,216,8,9,17
"5458",2016-06-13,"Golden State Warriors","Cleveland Cavaliers",97,112,-15,209,13,8,21
"5459",2016-06-10,"Cleveland Cavaliers","Golden State Warriors",97,108,-11,205,16,14,30
"5460",2016-06-08,"Cleveland Cavaliers","Golden State Warriors",120,90,30,210,17,8,25
"5461",2016-06-05,"Golden State Warriors","Cleveland Cavaliers",110,77,33,187,12,9,21
"5462",2016-06-02,"Golden State Warriors","Cleveland Cavaliers",104,89,15,193,9,15,24
"5463",2016-05-30,"Golden State Warriors","Oklahoma City Thunder",96,88,8,184,10,14,24
"5464",2016-05-28,"Oklahoma City Thunder","Golden State Warriors",101,108,-7,209,16,13,29
"5465",2016-05-27,"Toronto Raptors","Cleveland Cavaliers",87,113,-26,200,7,4,11
"5466",2016-05-26,"Golden State Warriors","Oklahoma City Thunder",120,111,9,231,11,13,24
"5467",2016-05-25,"Cleveland Cavaliers","Toronto Raptors",116,78,38,194,10,5,15
"5468",2016-05-24,"Oklahoma City Thunder","Golden State Warriors",118,94,24,212,16,8,24
"5469",2016-05-23,"Toronto Raptors","Cleveland Cavaliers",105,99,6,204,9,10,19
"5470",2016-05-22,"Oklahoma City Thunder","Golden State Warriors",133,105,28,238,11,10,21
"5471",2016-05-21,"Toronto Raptors","Cleveland Cavaliers",99,84,15,183,12,8,20
"5472",2016-05-19,"Cleveland Cavaliers","Toronto Raptors",108,89,19,197,7,7,14
"5473",2016-05-18,"Golden State Warriors","Oklahoma City Thunder",118,91,27,209,15,7,22
"5474",2016-05-17,"Cleveland Cavaliers","Toronto Raptors",115,84,31,199,10,4,14
"5475",2016-05-16,"Golden State Warriors","Oklahoma City Thunder",102,108,-6,210,8,10,18
"5476",2016-05-15,"Toronto Raptors","Miami Heat",116,89,27,205,20,7,27
"5477",2016-05-13,"Miami Heat","Toronto Raptors",103,91,12,194,7,8,15
"5478",2016-05-12,"Oklahoma City Thunder","San Antonio Spurs",113,99,14,212,14,10,24
"5479",2016-05-11,"Toronto Raptors","Miami Heat",99,91,8,190,11,13,24
"5480",2016-05-11,"Golden State Warriors","Portland Trail Blazers",125,121,4,246,9,13,22
"5481",2016-05-10,"San Antonio Spurs","Oklahoma City Thunder",91,95,-4,186,10,15,25
"5482",2016-05-09,"Miami Heat","Toronto Raptors",94,87,7,181,6,7,13
"5483",2016-05-09,"Portland Trail Blazers","Golden State Warriors",125,132,-7,257,18,10,28
"5484",2016-05-08,"Atlanta Hawks","Cleveland Cavaliers",99,100,-1,199,9,14,23
"5485",2016-05-08,"Oklahoma City Thunder","San Antonio Spurs",111,97,14,208,10,9,19
"5486",2016-05-07,"Miami Heat","Toronto Raptors",91,95,-4,186,8,6,14
"5487",2016-05-07,"Portland Trail Blazers","Golden State Warriors",120,108,12,228,11,11,22
"5488",2016-05-06,"Atlanta Hawks","Cleveland Cavaliers",108,121,-13,229,6,18,24
"5489",2016-05-06,"Oklahoma City Thunder","San Antonio Spurs",96,100,-4,196,11,4,15
"5490",2016-05-05,"Toronto Raptors","Miami Heat",96,92,4,188,13,9,22
"5491",2016-05-04,"Cleveland Cavaliers","Atlanta Hawks",123,98,25,221,12,8,20
"5492",2016-05-03,"Toronto Raptors","Miami Heat",96,102,-6,198,4,11,15
"5493",2016-05-03,"Golden State Warriors","Portland Trail Blazers",110,99,11,209,10,6,16
"5494",2016-05-02,"Cleveland Cavaliers","Atlanta Hawks",104,93,11,197,10,15,25
"5495",2016-05-02,"San Antonio Spurs","Oklahoma City Thunder",97,98,-1,195,9,9,18
"5496",2016-05-01,"Miami Heat","Charlotte Hornets",106,73,33,179,10,3,13
"5497",2016-05-01,"Golden State Warriors","Portland Trail Blazers",118,106,12,224,16,10,26
"5498",2016-05-01,"Toronto Raptors","Indiana Pacers",89,84,5,173,18,5,23
"5499",2016-04-30,"San Antonio Spurs","Oklahoma City Thunder",124,92,32,216,5,11,16
"5500",2016-04-29,"Indiana Pacers","Toronto Raptors",101,83,18,184,12,15,27
"5501",2016-04-29,"Charlotte Hornets","Miami Heat",90,97,-7,187,5,11,16
"5502",2016-04-29,"Portland Trail Blazers","Los Angeles Clippers",106,103,3,209,18,16,34
"5503",2016-04-28,"Boston Celtics","Atlanta Hawks",92,104,-12,196,10,3,13
"5504",2016-04-27,"Miami Heat","Charlotte Hornets",88,90,-2,178,6,5,11
"5505",2016-04-27,"Los Angeles Clippers","Portland Trail Blazers",98,108,-10,206,8,9,17
"5506",2016-04-27,"Golden State Warriors","Houston Rockets",114,81,33,195,6,22,28
"5507",2016-04-26,"Toronto Raptors","Indiana Pacers",102,99,3,201,12,8,20
"5508",2016-04-26,"Atlanta Hawks","Boston Celtics",110,83,27,193,13,10,23
"5509",2016-04-25,"Charlotte Hornets","Miami Heat",89,85,4,174,6,10,16
"5510",2016-04-25,"Oklahoma City Thunder","Dallas Mavericks",118,104,14,222,14,13,27
"5511",2016-04-25,"Portland Trail Blazers","Los Angeles Clippers",98,84,14,182,16,10,26
"5512",2016-04-24,"Memphis Grizzlies","San Antonio Spurs",95,116,-21,211,14,13,27
"5513",2016-04-24,"Houston Rockets","Golden State Warriors",94,121,-27,215,9,7,16
"5514",2016-04-24,"Boston Celtics","Atlanta Hawks",104,95,9,199,12,12,24
"5515",2016-04-24,"Detroit Pistons","Cleveland Cavaliers",98,100,-2,198,7,10,17
"5516",2016-04-23,"Indiana Pacers","Toronto Raptors",100,83,17,183,15,11,26
"5517",2016-04-23,"Charlotte Hornets","Miami Heat",96,80,16,176,9,12,21
"5518",2016-04-23,"Dallas Mavericks","Oklahoma City Thunder",108,119,-11,227,7,12,19
"5519",2016-04-23,"Portland Trail Blazers","Los Angeles Clippers",96,88,8,184,16,11,27
"5520",2016-04-22,"Detroit Pistons","Cleveland Cavaliers",91,101,-10,192,5,12,17
"5521",2016-04-22,"Boston Celtics","Atlanta Hawks",111,103,8,214,7,7,14
"5522",2016-04-22,"Memphis Grizzlies","San Antonio Spurs",87,96,-9,183,15,7,22
"5523",2016-04-21,"Dallas Mavericks","Oklahoma City Thunder",102,131,-29,233,6,9,15
"5524",2016-04-21,"Indiana Pacers","Toronto Raptors",85,101,-16,186,9,15,24
"5525",2016-04-21,"Houston Rockets","Golden State Warriors",97,96,1,193,16,8,24
"5526",2016-04-20,"Miami Heat","Charlotte Hornets",115,103,12,218,3,15,18
"5527",2016-04-20,"Cleveland Cavaliers","Detroit Pistons",107,90,17,197,6,11,17
"5528",2016-04-20,"Los Angeles Clippers","Portland Trail Blazers",102,81,21,183,12,15,27
"5529",2016-04-19,"Atlanta Hawks","Boston Celtics",89,72,17,161,3,10,13
"5530",2016-04-19,"San Antonio Spurs","Memphis Grizzlies",94,68,26,162,3,16,19
"5531",2016-04-18,"Toronto Raptors","Indiana Pacers",98,87,11,185,12,6,18
"5532",2016-04-18,"Oklahoma City Thunder","Dallas Mavericks",84,85,-1,169,19,11,30
"5533",2016-04-18,"Golden State Warriors","Houston Rockets",115,106,9,221,13,12,25
"5534",2016-04-17,"Cleveland Cavaliers","Detroit Pistons",106,101,5,207,12,5,17
"5535",2016-04-17,"Miami Heat","Charlotte Hornets",123,91,32,214,14,7,21
"5536",2016-04-17,"San Antonio Spurs","Memphis Grizzlies",106,74,32,180,9,10,19
"5537",2016-04-17,"Los Angeles Clippers","Portland Trail Blazers",115,95,20,210,11,10,21
"5538",2016-04-16,"Toronto Raptors","Indiana Pacers",90,100,-10,190,20,9,29
"5539",2016-04-16,"Golden State Warriors","Houston Rockets",104,78,26,182,15,13,28
"5540",2016-04-16,"Atlanta Hawks","Boston Celtics",102,101,1,203,13,15,28
"5541",2016-04-16,"Oklahoma City Thunder","Dallas Mavericks",108,70,38,178,14,9,23
"5542",2016-04-13,"Boston Celtics","Miami Heat",98,88,10,186,10,14,24
"5543",2016-04-13,"Brooklyn Nets","Toronto Raptors",96,103,-7,199,5,16,21
"5544",2016-04-13,"Charlotte Hornets","Orlando Magic",117,103,14,220,5,5,10
"5545",2016-04-13,"Cleveland Cavaliers","Detroit Pistons",110,112,-2,222,8,9,17
"5546",2016-04-13,"Washington Wizards","Atlanta Hawks",109,98,11,207,11,9,20
"5547",2016-04-13,"Chicago Bulls","Philadelphia 76ers",115,105,10,220,16,4,20
"5548",2016-04-13,"Dallas Mavericks","San Antonio Spurs",91,96,-5,187,11,8,19
"5549",2016-04-13,"Houston Rockets","Sacramento Kings",116,81,35,197,14,15,29
"5550",2016-04-13,"Milwaukee Bucks","Indiana Pacers",92,97,-5,189,7,12,19
"5551",2016-04-13,"Minnesota Timberwolves","New Orleans Pelicans",144,109,35,253,5,10,15
"5552",2016-04-13,"Golden State Warriors","Memphis Grizzlies",125,104,21,229,12,13,25
"5553",2016-04-13,"Los Angeles Lakers","Utah Jazz",101,96,5,197,8,8,16
"5554",2016-04-13,"Phoenix Suns","Los Angeles Clippers",114,105,9,219,18,6,24
"5555",2016-04-13,"Portland Trail Blazers","Denver Nuggets",107,99,8,206,13,20,33
"5556",2016-04-12,"Indiana Pacers","New York Knicks",102,90,12,192,8,8,16
"5557",2016-04-12,"Detroit Pistons","Miami Heat",93,99,-6,192,18,8,26
"5558",2016-04-12,"Toronto Raptors","Philadelphia 76ers",122,98,24,220,16,7,23
"5559",2016-04-12,"San Antonio Spurs","Oklahoma City Thunder",102,98,4,200,11,18,29
"5560",2016-04-12,"Los Angeles Clippers","Memphis Grizzlies",110,84,26,194,8,13,21
"5561",2016-04-11,"Cleveland Cavaliers","Atlanta Hawks",109,94,15,203,9,10,19
"5562",2016-04-11,"Orlando Magic","Milwaukee Bucks",107,98,9,205,12,13,25
"5563",2016-04-11,"Boston Celtics","Charlotte Hornets",100,114,-14,214,13,7,20
"5564",2016-04-11,"Brooklyn Nets","Washington Wizards",111,120,-9,231,13,9,22
"5565",2016-04-11,"Minnesota Timberwolves","Houston Rockets",105,129,-24,234,10,8,18
"5566",2016-04-11,"New Orleans Pelicans","Chicago Bulls",116,121,-5,237,10,5,15
"5567",2016-04-11,"Oklahoma City Thunder","Los Angeles Lakers",112,79,33,191,13,10,23
"5568",2016-04-11,"Utah Jazz","Dallas Mavericks",92,101,-9,193,6,10,16
"5569",2016-04-11,"Phoenix Suns","Sacramento Kings",101,105,-4,206,17,4,21
"5570",2016-04-10,"Washington Wizards","Charlotte Hornets",113,98,15,211,4,9,13
"5571",2016-04-10,"Houston Rockets","Los Angeles Lakers",130,110,20,240,16,7,23
"5572",2016-04-10,"Los Angeles Clippers","Dallas Mavericks",98,91,7,189,6,5,11
"5573",2016-04-10,"Philadelphia 76ers","Milwaukee Bucks",108,109,-1,217,13,8,21
"5574",2016-04-10,"Denver Nuggets","Utah Jazz",84,100,-16,184,6,11,17
"5575",2016-04-10,"Indiana Pacers","Brooklyn Nets",129,105,24,234,14,11,25
"5576",2016-04-10,"Miami Heat","Orlando Magic",118,96,22,214,4,6,10
"5577",2016-04-10,"San Antonio Spurs","Golden State Warriors",86,92,-6,178,18,7,25
"5578",2016-04-10,"New York Knicks","Toronto Raptors",89,93,-4,182,13,7,20
"5579",2016-04-09,"New Orleans Pelicans","Phoenix Suns",100,121,-21,221,13,11,24
"5580",2016-04-09,"Atlanta Hawks","Boston Celtics",118,107,11,225,5,10,15
"5581",2016-04-09,"Memphis Grizzlies","Golden State Warriors",99,100,-1,199,17,7,24
"5582",2016-04-09,"Chicago Bulls","Cleveland Cavaliers",105,102,3,207,13,12,25
"5583",2016-04-09,"Portland Trail Blazers","Minnesota Timberwolves",105,106,-1,211,11,13,24
"5584",2016-04-09,"Sacramento Kings","Oklahoma City Thunder",114,112,2,226,16,13,29
"5585",2016-04-08,"Charlotte Hornets","Brooklyn Nets",113,99,14,212,10,16,26
"5586",2016-04-08,"Orlando Magic","Miami Heat",112,109,3,221,6,23,29
"5587",2016-04-08,"Philadelphia 76ers","New York Knicks",102,109,-7,211,15,12,27
"5588",2016-04-08,"Boston Celtics","Milwaukee Bucks",124,109,15,233,4,7,11
"5589",2016-04-08,"Detroit Pistons","Washington Wizards",112,99,13,211,7,11,18
"5590",2016-04-08,"Toronto Raptors","Indiana Pacers",111,98,13,209,5,9,14
"5591",2016-04-08,"New Orleans Pelicans","Los Angeles Lakers",110,102,8,212,9,10,19
"5592",2016-04-08,"Dallas Mavericks","Memphis Grizzlies",103,93,10,196,6,15,21
"5593",2016-04-08,"Denver Nuggets","San Antonio Spurs",102,98,4,200,8,8,16
"5594",2016-04-08,"Utah Jazz","Los Angeles Clippers",99,102,-3,201,9,8,17
"5595",2016-04-07,"Atlanta Hawks","Toronto Raptors",95,87,8,182,5,8,13
"5596",2016-04-07,"Miami Heat","Chicago Bulls",106,98,8,204,15,12,27
"5597",2016-04-07,"Houston Rockets","Phoenix Suns",115,124,-9,239,5,20,25
"5598",2016-04-07,"Sacramento Kings","Minnesota Timberwolves",97,105,-8,202,17,13,30
"5599",2016-04-07,"Golden State Warriors","San Antonio Spurs",112,101,11,213,7,5,12
"5600",2016-04-06,"Indiana Pacers","Cleveland Cavaliers",123,109,14,232,9,7,16
"5601",2016-04-06,"Orlando Magic","Detroit Pistons",104,108,-4,212,12,12,24
"5602",2016-04-06,"Washington Wizards","Brooklyn Nets",121,103,18,224,16,11,27
"5603",2016-04-06,"Boston Celtics","New Orleans Pelicans",104,97,7,201,8,8,16
"5604",2016-04-06,"New York Knicks","Charlotte Hornets",97,111,-14,208,10,11,21
"5605",2016-04-06,"Dallas Mavericks","Houston Rockets",88,86,2,174,13,12,25
"5606",2016-04-06,"Portland Trail Blazers","Oklahoma City Thunder",120,115,5,235,9,19,28
"5607",2016-04-06,"Los Angeles Lakers","Los Angeles Clippers",81,91,-10,172,16,10,26
"5608",2016-04-05,"Philadelphia 76ers","New Orleans Pelicans",107,93,14,200,11,14,25
"5609",2016-04-05,"Toronto Raptors","Charlotte Hornets",96,90,6,186,7,11,18
"5610",2016-04-05,"Miami Heat","Detroit Pistons",107,89,18,196,7,12,19
"5611",2016-04-05,"Atlanta Hawks","Phoenix Suns",103,90,13,193,13,11,24
"5612",2016-04-05,"Memphis Grizzlies","Chicago Bulls",108,92,16,200,12,13,25
"5613",2016-04-05,"Milwaukee Bucks","Cleveland Cavaliers",80,109,-29,189,12,2,14
"5614",2016-04-05,"Denver Nuggets","Oklahoma City Thunder",102,124,-22,226,10,13,23
"5615",2016-04-05,"Utah Jazz","San Antonio Spurs",86,88,-2,174,5,4,9
"5616",2016-04-05,"Sacramento Kings","Portland Trail Blazers",107,115,-8,222,3,19,22
"5617",2016-04-05,"Golden State Warriors","Minnesota Timberwolves",117,124,-7,241,9,6,15
"5618",2016-04-05,"Los Angeles Clippers","Los Angeles Lakers",103,81,22,184,6,14,20
"5619",2016-04-03,"Brooklyn Nets","New Orleans Pelicans",87,106,-19,193,21,5,26
"5620",2016-04-03,"Cleveland Cavaliers","Charlotte Hornets",112,103,9,215,15,11,26
"5621",2016-04-03,"Houston Rockets","Oklahoma City Thunder",118,110,8,228,22,15,37
"5622",2016-04-03,"Minnesota Timberwolves","Dallas Mavericks",78,88,-10,166,6,15,21
"5623",2016-04-03,"Los Angeles Clippers","Washington Wizards",114,109,5,223,10,17,27
"5624",2016-04-03,"Orlando Magic","Memphis Grizzlies",119,107,12,226,13,12,25
"5625",2016-04-03,"Phoenix Suns","Utah Jazz",86,101,-15,187,12,4,16
"5626",2016-04-03,"Milwaukee Bucks","Chicago Bulls",98,102,-4,200,15,6,21
"5627",2016-04-03,"New York Knicks","Indiana Pacers",87,92,-5,179,18,7,25
"5628",2016-04-03,"Golden State Warriors","Portland Trail Blazers",136,111,25,247,11,11,22
"5629",2016-04-03,"Los Angeles Lakers","Boston Celtics",100,107,-7,207,11,9,20
"5630",2016-04-02,"Philadelphia 76ers","Indiana Pacers",102,115,-13,217,8,6,14
"5631",2016-04-02,"Chicago Bulls","Detroit Pistons",90,94,-4,184,11,7,18
"5632",2016-04-02,"San Antonio Spurs","Toronto Raptors",102,95,7,197,15,6,21
"5633",2016-04-02,"Denver Nuggets","Sacramento Kings",106,115,-9,221,15,11,26
"5634",2016-04-02,"Portland Trail Blazers","Miami Heat",110,93,17,203,8,12,20
"5635",2016-04-01,"Charlotte Hornets","Philadelphia 76ers",100,91,9,191,8,9,17
"5636",2016-04-01,"Detroit Pistons","Dallas Mavericks",89,98,-9,187,12,8,20
"5637",2016-04-01,"New York Knicks","Brooklyn Nets",105,91,14,196,7,20,27
"5638",2016-04-01,"Atlanta Hawks","Cleveland Cavaliers",108,110,-2,218,5,11,16
"5639",2016-04-01,"Memphis Grizzlies","Toronto Raptors",95,99,-4,194,18,11,29
"5640",2016-04-01,"Milwaukee Bucks","Orlando Magic",113,110,3,223,9,4,13
"5641",2016-04-01,"Utah Jazz","Minnesota Timberwolves",98,85,13,183,11,10,21
"5642",2016-04-01,"Sacramento Kings","Miami Heat",106,112,-6,218,16,7,23
"5643",2016-04-01,"Golden State Warriors","Boston Celtics",106,109,-3,215,8,11,19
"5644",2016-04-01,"Phoenix Suns","Washington Wizards",99,106,-7,205,17,9,26
"5645",2016-03-31,"Cleveland Cavaliers","Brooklyn Nets",107,87,20,194,9,13,22
"5646",2016-03-31,"Indiana Pacers","Orlando Magic",94,114,-20,208,17,13,30
"5647",2016-03-31,"Houston Rockets","Chicago Bulls",100,103,-3,203,13,5,18
"5648",2016-03-31,"New Orleans Pelicans","Denver Nuggets",101,95,6,196,14,8,22
"5649",2016-03-31,"Oklahoma City Thunder","Los Angeles Clippers",119,117,2,236,17,5,22
"5650",2016-03-31,"Portland Trail Blazers","Boston Celtics",116,109,7,225,15,16,31
"5651",2016-03-30,"Toronto Raptors","Atlanta Hawks",105,97,8,202,8,11,19
"5652",2016-03-30,"Memphis Grizzlies","Denver Nuggets",105,109,-4,214,20,11,31
"5653",2016-03-30,"Milwaukee Bucks","Phoenix Suns",105,94,11,199,9,15,24
"5654",2016-03-30,"Minnesota Timberwolves","Los Angeles Clippers",79,99,-20,178,14,7,21
"5655",2016-03-30,"Dallas Mavericks","New York Knicks",91,89,2,180,14,9,23
"5656",2016-03-30,"San Antonio Spurs","New Orleans Pelicans",100,92,8,192,6,11,17
"5657",2016-03-30,"Utah Jazz","Golden State Warriors",96,103,-7,199,16,9,25
"5658",2016-03-30,"Sacramento Kings","Washington Wizards",120,111,9,231,6,10,16
"5659",2016-03-30,"Los Angeles Lakers","Miami Heat",102,100,2,202,19,14,33
"5660",2016-03-29,"Indiana Pacers","Chicago Bulls",96,98,-2,194,13,12,25
"5661",2016-03-29,"Orlando Magic","Brooklyn Nets",139,105,34,244,5,14,19
"5662",2016-03-29,"Philadelphia 76ers","Charlotte Hornets",85,100,-15,185,9,9,18
"5663",2016-03-29,"Detroit Pistons","Oklahoma City Thunder",88,82,6,170,16,14,30
"5664",2016-03-29,"Cleveland Cavaliers","Houston Rockets",100,106,-6,206,10,14,24
"5665",2016-03-29,"Golden State Warriors","Washington Wizards",102,94,8,196,7,7,14
"5666",2016-03-28,"Miami Heat","Brooklyn Nets",110,99,11,209,7,10,17
"5667",2016-03-28,"Toronto Raptors","Oklahoma City Thunder",100,119,-19,219,12,12,24
"5668",2016-03-28,"Chicago Bulls","Atlanta Hawks",100,102,-2,202,18,7,25
"5669",2016-03-28,"Memphis Grizzlies","San Antonio Spurs",87,101,-14,188,13,10,23
"5670",2016-03-28,"Minnesota Timberwolves","Phoenix Suns",121,116,5,237,11,7,18
"5671",2016-03-28,"New Orleans Pelicans","New York Knicks",99,91,8,190,6,6,12
"5672",2016-03-28,"Denver Nuggets","Dallas Mavericks",88,97,-9,185,6,9,15
"5673",2016-03-28,"Utah Jazz","Los Angeles Lakers",123,75,48,198,13,7,20
"5674",2016-03-28,"Portland Trail Blazers","Sacramento Kings",105,93,12,198,5,11,16
"5675",2016-03-28,"Los Angeles Clippers","Boston Celtics",114,90,24,204,9,18,27
"5676",2016-03-27,"Los Angeles Clippers","Denver Nuggets",105,90,15,195,17,20,37
"5677",2016-03-27,"Indiana Pacers","Houston Rockets",104,101,3,205,15,11,26
"5678",2016-03-27,"Sacramento Kings","Dallas Mavericks",133,111,22,244,6,12,18
"5679",2016-03-27,"Golden State Warriors","Philadelphia 76ers",117,105,12,222,7,9,16
"5680",2016-03-27,"Los Angeles Lakers","Washington Wizards",88,101,-13,189,12,6,18
"5681",2016-03-26,"Brooklyn Nets","Indiana Pacers",120,110,10,230,7,6,13
"5682",2016-03-26,"Orlando Magic","Chicago Bulls",111,89,22,200,12,11,23
"5683",2016-03-26,"New Orleans Pelicans","Toronto Raptors",91,115,-24,206,9,7,16
"5684",2016-03-26,"Detroit Pistons","Atlanta Hawks",95,112,-17,207,14,5,19
"5685",2016-03-26,"New York Knicks","Cleveland Cavaliers",93,107,-14,200,10,15,25
"5686",2016-03-26,"Minnesota Timberwolves","Utah Jazz",84,93,-9,177,9,7,16
"5687",2016-03-26,"Oklahoma City Thunder","San Antonio Spurs",111,92,19,203,13,13,26
"5688",2016-03-26,"Milwaukee Bucks","Charlotte Hornets",91,115,-24,206,9,5,14
"5689",2016-03-26,"Phoenix Suns","Boston Celtics",99,102,-3,201,12,17,29
"5690",2016-03-26,"Portland Trail Blazers","Philadelphia 76ers",108,105,3,213,11,10,21
"5691",2016-03-25,"Washington Wizards","Minnesota Timberwolves",129,132,-3,261,13,8,21
"5692",2016-03-25,"Detroit Pistons","Charlotte Hornets",112,105,7,217,15,7,22
"5693",2016-03-25,"Miami Heat","Orlando Magic",108,97,11,205,12,14,26
"5694",2016-03-25,"Atlanta Hawks","Milwaukee Bucks",101,90,11,191,17,16,33
"5695",2016-03-25,"Houston Rockets","Toronto Raptors",112,109,3,221,13,15,28
"5696",2016-03-25,"San Antonio Spurs","Memphis Grizzlies",110,104,6,214,8,8,16
"5697",2016-03-25,"Sacramento Kings","Phoenix Suns",116,94,22,210,12,18,30
"5698",2016-03-25,"Golden State Warriors","Dallas Mavericks",128,120,8,248,7,15,22
"5699",2016-03-25,"Los Angeles Lakers","Denver Nuggets",105,116,-11,221,7,13,20
"5700",2016-03-24,"Indiana Pacers","New Orleans Pelicans",92,84,8,176,3,9,12
"5701",2016-03-24,"Brooklyn Nets","Cleveland Cavaliers",104,95,9,199,10,11,21
"5702",2016-03-24,"New York Knicks","Chicago Bulls",106,94,12,200,5,7,12
"5703",2016-03-24,"Oklahoma City Thunder","Utah Jazz",113,91,22,204,10,9,19
"5704",2016-03-24,"Los Angeles Clippers","Portland Trail Blazers",96,94,2,190,11,9,20
"5705",2016-03-23,"Washington Wizards","Atlanta Hawks",101,122,-21,223,10,7,17
"5706",2016-03-23,"Cleveland Cavaliers","Milwaukee Bucks",113,104,9,217,17,10,27
"5707",2016-03-23,"Boston Celtics","Toronto Raptors",91,79,12,170,7,15,22
"5708",2016-03-23,"Detroit Pistons","Orlando Magic",118,102,16,220,9,17,26
"5709",2016-03-23,"Chicago Bulls","New York Knicks",107,115,-8,222,6,14,20
"5710",2016-03-23,"Houston Rockets","Utah Jazz",87,89,-2,176,4,13,17
"5711",2016-03-23,"Minnesota Timberwolves","Sacramento Kings",113,104,9,217,9,14,23
"5712",2016-03-23,"San Antonio Spurs","Miami Heat",112,88,24,200,10,6,16
"5713",2016-03-23,"Denver Nuggets","Philadelphia 76ers",104,103,1,207,7,8,15
"5714",2016-03-23,"Phoenix Suns","Los Angeles Lakers",119,107,12,226,15,14,29
"5715",2016-03-23,"Portland Trail Blazers","Dallas Mavericks",109,103,6,212,11,11,22
"5716",2016-03-23,"Golden State Warriors","Los Angeles Clippers",114,98,16,212,11,8,19
"5717",2016-03-22,"Brooklyn Nets","Charlotte Hornets",100,105,-5,205,6,3,9
"5718",2016-03-22,"New Orleans Pelicans","Miami Heat",99,113,-14,212,11,14,25
"5719",2016-03-22,"Oklahoma City Thunder","Houston Rockets",111,107,4,218,13,13,26
"5720",2016-03-22,"Los Angeles Lakers","Memphis Grizzlies",107,100,7,207,11,13,24
"5721",2016-03-21,"Charlotte Hornets","San Antonio Spurs",91,88,3,179,10,9,19
"5722",2016-03-21,"Cleveland Cavaliers","Denver Nuggets",124,91,33,215,8,10,18
"5723",2016-03-21,"Indiana Pacers","Philadelphia 76ers",91,75,16,166,7,10,17
"5724",2016-03-21,"Boston Celtics","Orlando Magic",107,96,11,203,9,14,23
"5725",2016-03-21,"Detroit Pistons","Milwaukee Bucks",92,91,1,183,10,5,15
"5726",2016-03-21,"Atlanta Hawks","Washington Wizards",102,117,-15,219,2,9,11
"5727",2016-03-21,"Chicago Bulls","Sacramento Kings",109,102,7,211,11,14,25
"5728",2016-03-21,"Minnesota Timberwolves","Golden State Warriors",104,109,-5,213,10,13,23
"5729",2016-03-21,"Phoenix Suns","Memphis Grizzlies",97,103,-6,200,9,10,19
"5730",2016-03-20,"Dallas Mavericks","Portland Trail Blazers",132,120,12,252,8,22,30
"5731",2016-03-20,"Toronto Raptors","Orlando Magic",105,100,5,205,14,7,21
"5732",2016-03-20,"Philadelphia 76ers","Boston Celtics",105,120,-15,225,12,14,26
"5733",2016-03-20,"New Orleans Pelicans","Los Angeles Clippers",109,105,4,214,10,7,17
"5734",2016-03-20,"Milwaukee Bucks","Utah Jazz",85,94,-9,179,2,16,18
"5735",2016-03-20,"New York Knicks","Sacramento Kings",80,88,-8,168,19,12,31
"5736",2016-03-19,"Charlotte Hornets","Denver Nuggets",93,101,-8,194,8,14,22
"5737",2016-03-19,"Detroit Pistons","Brooklyn Nets",115,103,12,218,15,6,21
"5738",2016-03-19,"Indiana Pacers","Oklahoma City Thunder",111,115,-4,226,8,9,17
"5739",2016-03-19,"Washington Wizards","New York Knicks",99,89,10,188,8,9,17
"5740",2016-03-19,"Atlanta Hawks","Houston Rockets",109,97,12,206,9,15,24
"5741",2016-03-19,"Miami Heat","Cleveland Cavaliers",122,101,21,223,13,3,16
"5742",2016-03-19,"Chicago Bulls","Utah Jazz",92,85,7,177,11,15,26
"5743",2016-03-19,"Memphis Grizzlies","Los Angeles Clippers",113,102,11,215,18,4,22
"5744",2016-03-19,"San Antonio Spurs","Golden State Warriors",87,79,8,166,14,7,21
"5745",2016-03-18,"Orlando Magic","Cleveland Cavaliers",103,109,-6,212,9,9,18
"5746",2016-03-18,"Philadelphia 76ers","Oklahoma City Thunder",97,111,-14,208,10,16,26
"5747",2016-03-18,"Detroit Pistons","Sacramento Kings",115,108,7,223,16,7,23
"5748",2016-03-18,"Toronto Raptors","Boston Celtics",105,91,14,196,7,7,14
"5749",2016-03-18,"Houston Rockets","Minnesota Timberwolves",116,111,5,227,13,11,24
"5750",2016-03-18,"New Orleans Pelicans","Portland Trail Blazers",112,117,-5,229,3,6,9
"5751",2016-03-18,"Dallas Mavericks","Golden State Warriors",112,130,-18,242,11,5,16
"5752",2016-03-18,"Los Angeles Lakers","Phoenix Suns",90,95,-5,185,12,17,29
"5753",2016-03-17,"Indiana Pacers","Toronto Raptors",94,101,-7,195,9,15,24
"5754",2016-03-17,"Philadelphia 76ers","Washington Wizards",94,99,-5,193,8,12,20
"5755",2016-03-17,"Miami Heat","Charlotte Hornets",106,109,-3,215,6,9,15
"5756",2016-03-17,"Atlanta Hawks","Denver Nuggets",116,98,18,214,7,9,16
"5757",2016-03-17,"Chicago Bulls","Brooklyn Nets",118,102,16,220,16,12,28
"5758",2016-03-17,"Milwaukee Bucks","Memphis Grizzlies",96,86,10,182,9,18,27
"5759",2016-03-17,"San Antonio Spurs","Portland Trail Blazers",118,110,8,228,4,14,18
"5760",2016-03-17,"Utah Jazz","Phoenix Suns",103,69,34,172,9,10,19
"5761",2016-03-16,"Boston Celtics","Oklahoma City Thunder",109,130,-21,239,16,16,32
"5762",2016-03-16,"Charlotte Hornets","Orlando Magic",107,99,8,206,15,2,17
"5763",2016-03-16,"Cleveland Cavaliers","Dallas Mavericks",99,98,1,197,13,4,17
"5764",2016-03-16,"Washington Wizards","Chicago Bulls",117,96,21,213,9,9,18
"5765",2016-03-16,"Detroit Pistons","Atlanta Hawks",114,118,-4,232,9,8,17
"5766",2016-03-16,"Memphis Grizzlies","Minnesota Timberwolves",108,114,-6,222,27,7,34
"5767",2016-03-16,"Houston Rockets","Los Angeles Clippers",106,122,-16,228,13,7,20
"5768",2016-03-16,"Sacramento Kings","New Orleans Pelicans",108,123,-15,231,8,7,15
"5769",2016-03-16,"Golden State Warriors","New York Knicks",121,85,36,206,12,11,23
"5770",2016-03-15,"Indiana Pacers","Boston Celtics",103,98,5,201,11,17,28
"5771",2016-03-15,"Orlando Magic","Denver Nuggets",116,110,6,226,6,7,13
"5772",2016-03-15,"Brooklyn Nets","Philadelphia 76ers",131,114,17,245,14,9,23
"5773",2016-03-15,"Milwaukee Bucks","Toronto Raptors",89,107,-18,196,10,13,23
"5774",2016-03-15,"San Antonio Spurs","Los Angeles Clippers",108,87,21,195,12,5,17
"5775",2016-03-15,"Los Angeles Lakers","Sacramento Kings",98,106,-8,204,10,5,15
"5776",2016-03-14,"Charlotte Hornets","Dallas Mavericks",96,107,-11,203,7,6,13
"5777",2016-03-14,"Miami Heat","Denver Nuggets",124,119,5,243,6,13,19
"5778",2016-03-14,"Toronto Raptors","Chicago Bulls",107,109,-2,216,10,8,18
"5779",2016-03-14,"Washington Wizards","Detroit Pistons",124,81,43,205,5,11,16
"5780",2016-03-14,"Houston Rockets","Memphis Grizzlies",130,81,49,211,8,28,36
"5781",2016-03-14,"Oklahoma City Thunder","Portland Trail Blazers",128,94,34,222,10,14,24
"5782",2016-03-14,"Phoenix Suns","Minnesota Timberwolves",107,104,3,211,19,6,25
"5783",2016-03-14,"Utah Jazz","Cleveland Cavaliers",94,85,9,179,8,13,21
"5784",2016-03-14,"Golden State Warriors","New Orleans Pelicans",125,107,18,232,8,17,25
"5785",2016-03-13,"Los Angeles Clippers","Cleveland Cavaliers",90,114,-24,204,5,9,14
"5786",2016-03-13,"Atlanta Hawks","Indiana Pacers",104,75,29,179,9,7,16
"5787",2016-03-13,"Sacramento Kings","Utah Jazz",99,108,-9,207,8,11,19
"5788",2016-03-13,"Brooklyn Nets","Milwaukee Bucks",100,109,-9,209,3,15,18
"5789",2016-03-13,"Los Angeles Lakers","New York Knicks",87,90,-3,177,10,5,15
"5790",2016-03-12,"Dallas Mavericks","Indiana Pacers",105,112,-7,217,7,9,16
"5791",2016-03-12,"Charlotte Hornets","Houston Rockets",125,109,16,234,10,14,24
"5792",2016-03-12,"Philadelphia 76ers","Detroit Pistons",111,125,-14,236,6,12,18
"5793",2016-03-12,"Toronto Raptors","Miami Heat",112,104,8,216,7,16,23
"5794",2016-03-12,"Atlanta Hawks","Memphis Grizzlies",95,83,12,178,8,20,28
"5795",2016-03-12,"Milwaukee Bucks","New Orleans Pelicans",103,92,11,195,5,11,16
"5796",2016-03-12,"San Antonio Spurs","Oklahoma City Thunder",93,85,8,178,13,18,31
"5797",2016-03-12,"Denver Nuggets","Washington Wizards",116,100,16,216,9,12,21
"5798",2016-03-12,"Golden State Warriors","Phoenix Suns",123,116,7,239,7,9,16
"5799",2016-03-12,"Portland Trail Blazers","Orlando Magic",121,84,37,205,9,11,20
"5800",2016-03-11,"Charlotte Hornets","Detroit Pistons",118,103,15,221,9,3,12
"5801",2016-03-11,"Philadelphia 76ers","Brooklyn Nets",95,89,6,184,11,11,22
"5802",2016-03-11,"Boston Celtics","Houston Rockets",98,102,-4,200,14,15,29
"5803",2016-03-11,"Chicago Bulls","Miami Heat",96,118,-22,214,7,9,16
"5804",2016-03-11,"Memphis Grizzlies","New Orleans Pelicans",121,114,7,235,10,15,25
"5805",2016-03-11,"Oklahoma City Thunder","Minnesota Timberwolves",96,99,-3,195,16,6,22
"5806",2016-03-11,"Utah Jazz","Washington Wizards",114,93,21,207,4,6,10
"5807",2016-03-11,"Sacramento Kings","Orlando Magic",100,107,-7,207,12,12,24
"5808",2016-03-11,"Golden State Warriors","Portland Trail Blazers",128,112,16,240,16,7,23
"5809",2016-03-11,"Los Angeles Clippers","New York Knicks",101,94,7,195,10,14,24
"5810",2016-03-10,"Toronto Raptors","Atlanta Hawks",104,96,8,200,11,6,17
"5811",2016-03-10,"San Antonio Spurs","Chicago Bulls",109,101,8,210,9,11,20
"5812",2016-03-10,"Denver Nuggets","Phoenix Suns",116,98,18,214,11,16,27
"5813",2016-03-10,"Los Angeles Lakers","Cleveland Cavaliers",108,120,-12,228,4,9,13
"5814",2016-03-09,"Charlotte Hornets","New Orleans Pelicans",122,113,9,235,4,6,10
"5815",2016-03-09,"Philadelphia 76ers","Houston Rockets",104,118,-14,222,16,17,33
"5816",2016-03-09,"Boston Celtics","Memphis Grizzlies",116,96,20,212,7,16,23
"5817",2016-03-09,"Milwaukee Bucks","Miami Heat",114,108,6,222,12,10,22
"5818",2016-03-09,"Dallas Mavericks","Detroit Pistons",96,102,-6,198,7,15,22
"5819",2016-03-09,"Phoenix Suns","New York Knicks",97,128,-31,225,10,7,17
"5820",2016-03-09,"Oklahoma City Thunder","Los Angeles Clippers",120,108,12,228,10,2,12
"5821",2016-03-09,"Sacramento Kings","Cleveland Cavaliers",111,120,-9,231,5,15,20
"5822",2016-03-09,"Golden State Warriors","Utah Jazz",115,94,21,209,9,14,23
"5823",2016-03-08,"Toronto Raptors","Brooklyn Nets",104,99,5,203,12,6,18
"5824",2016-03-08,"Minnesota Timberwolves","San Antonio Spurs",91,116,-25,207,7,9,16
"5825",2016-03-08,"Denver Nuggets","New York Knicks",110,94,16,204,11,6,17
"5826",2016-03-08,"Utah Jazz","Atlanta Hawks",84,91,-7,175,15,4,19
"5827",2016-03-08,"Portland Trail Blazers","Washington Wizards",116,109,7,225,13,12,25
"5828",2016-03-08,"Los Angeles Lakers","Orlando Magic",107,98,9,205,10,4,14
"5829",2016-03-07,"Charlotte Hornets","Minnesota Timberwolves",108,103,5,211,6,5,11
"5830",2016-03-07,"Cleveland Cavaliers","Memphis Grizzlies",103,106,-3,209,13,9,22
"5831",2016-03-07,"Indiana Pacers","San Antonio Spurs",99,91,8,190,8,18,26
"5832",2016-03-07,"Chicago Bulls","Milwaukee Bucks",100,90,10,190,6,18,24
"5833",2016-03-07,"New Orleans Pelicans","Sacramento Kings",115,112,3,227,10,6,16
"5834",2016-03-07,"Dallas Mavericks","Los Angeles Clippers",90,109,-19,199,12,6,18
"5835",2016-03-07,"Golden State Warriors","Orlando Magic",119,113,6,232,10,9,19
"5836",2016-03-06,"Milwaukee Bucks","Oklahoma City Thunder",96,104,-8,200,14,14,28
"5837",2016-03-06,"Los Angeles Lakers","Golden State Warriors",112,95,17,207,9,17,26
"5838",2016-03-06,"Memphis Grizzlies","Phoenix Suns",100,109,-9,209,12,10,22
"5839",2016-03-06,"Denver Nuggets","Dallas Mavericks",116,114,2,230,17,8,25
"5840",2016-03-06,"Detroit Pistons","Portland Trail Blazers",123,103,20,226,10,3,13
"5841",2016-03-06,"Miami Heat","Philadelphia 76ers",103,98,5,201,13,12,25
"5842",2016-03-06,"Toronto Raptors","Houston Rockets",107,113,-6,220,7,8,15
"5843",2016-03-05,"Cleveland Cavaliers","Boston Celtics",120,103,17,223,15,10,25
"5844",2016-03-05,"New York Knicks","Detroit Pistons",102,89,13,191,8,14,22
"5845",2016-03-05,"Washington Wizards","Indiana Pacers",99,100,-1,199,14,10,24
"5846",2016-03-05,"New Orleans Pelicans","Utah Jazz",94,106,-12,200,6,10,16
"5847",2016-03-05,"Minnesota Timberwolves","Brooklyn Nets",132,118,14,250,4,17,21
"5848",2016-03-05,"Chicago Bulls","Houston Rockets",108,100,8,208,12,11,23
"5849",2016-03-05,"San Antonio Spurs","Sacramento Kings",104,94,10,198,11,7,18
"5850",2016-03-05,"Los Angeles Clippers","Atlanta Hawks",97,107,-10,204,6,10,16
"5851",2016-03-04,"Charlotte Hornets","Indiana Pacers",108,101,7,209,7,12,19
"5852",2016-03-04,"Orlando Magic","Phoenix Suns",84,102,-18,186,15,8,23
"5853",2016-03-04,"Philadelphia 76ers","Miami Heat",102,112,-10,214,15,16,31
"5854",2016-03-04,"Boston Celtics","New York Knicks",105,104,1,209,13,10,23
"5855",2016-03-04,"Toronto Raptors","Portland Trail Blazers",117,115,2,232,9,10,19
"5856",2016-03-04,"Cleveland Cavaliers","Washington Wizards",108,83,25,191,8,10,18
"5857",2016-03-04,"Memphis Grizzlies","Utah Jazz",94,88,6,182,9,12,21
"5858",2016-03-04,"Milwaukee Bucks","Minnesota Timberwolves",116,101,15,217,9,15,24
"5859",2016-03-04,"Denver Nuggets","Brooklyn Nets",120,121,-1,241,17,8,25
"5860",2016-03-04,"Los Angeles Lakers","Atlanta Hawks",77,106,-29,183,17,3,20
"5861",2016-03-03,"Miami Heat","Phoenix Suns",108,92,16,200,7,6,13
"5862",2016-03-03,"New Orleans Pelicans","San Antonio Spurs",86,94,-8,180,7,5,12
"5863",2016-03-03,"Dallas Mavericks","Sacramento Kings",101,104,-3,205,13,9,22
"5864",2016-03-03,"Golden State Warriors","Oklahoma City Thunder",121,106,15,227,4,11,15
"5865",2016-03-02,"Orlando Magic","Chicago Bulls",102,89,13,191,8,5,13
"5866",2016-03-02,"Philadelphia 76ers","Charlotte Hornets",99,119,-20,218,7,8,15
"5867",2016-03-02,"Boston Celtics","Portland Trail Blazers",116,93,23,209,19,12,31
"5868",2016-03-02,"Toronto Raptors","Utah Jazz",104,94,10,198,10,10,20
"5869",2016-03-02,"Houston Rockets","New Orleans Pelicans",100,95,5,195,8,6,14
"5870",2016-03-02,"Memphis Grizzlies","Sacramento Kings",104,98,6,202,14,16,30
"5871",2016-03-02,"Milwaukee Bucks","Indiana Pacers",99,104,-5,203,6,12,18
"5872",2016-03-02,"Minnesota Timberwolves","Washington Wizards",98,104,-6,202,9,5,14
"5873",2016-03-02,"San Antonio Spurs","Detroit Pistons",97,81,16,178,5,7,12
"5874",2016-03-02,"Denver Nuggets","Los Angeles Lakers",117,107,10,224,7,6,13
"5875",2016-03-02,"Los Angeles Clippers","Oklahoma City Thunder",103,98,5,201,12,18,30
"5876",2016-03-01,"Charlotte Hornets","Phoenix Suns",126,92,34,218,15,13,28
"5877",2016-03-01,"Miami Heat","Chicago Bulls",129,111,18,240,4,8,12
"5878",2016-03-01,"New York Knicks","Portland Trail Blazers",85,104,-19,189,8,9,17
"5879",2016-03-01,"Dallas Mavericks","Orlando Magic",121,108,13,229,6,18,24
"5880",2016-03-01,"Golden State Warriors","Atlanta Hawks",109,105,4,214,18,7,25
"5881",2016-03-01,"Los Angeles Lakers","Brooklyn Nets",107,101,6,208,8,11,19
"5882",2016-02-29,"Cleveland Cavaliers","Indiana Pacers",100,96,4,196,9,9,18
"5883",2016-02-29,"Washington Wizards","Philadelphia 76ers",116,108,8,224,14,6,20
"5884",2016-02-29,"Boston Celtics","Utah Jazz",100,95,5,195,11,15,26
"5885",2016-02-29,"Milwaukee Bucks","Houston Rockets",128,121,7,249,10,16,26
"5886",2016-02-29,"Denver Nuggets","Memphis Grizzlies",96,103,-7,199,8,4,12
"5887",2016-02-29,"Sacramento Kings","Oklahoma City Thunder",116,131,-15,247,22,10,32
"5888",2016-02-29,"Los Angeles Clippers","Brooklyn Nets",105,95,10,200,8,11,19
"5889",2016-02-28,"Washington Wizards","Cleveland Cavaliers",113,99,14,212,6,6,12
"5890",2016-02-28,"Atlanta Hawks","Charlotte Hornets",87,76,11,163,6,10,16
"5891",2016-02-28,"Detroit Pistons","Toronto Raptors",114,101,13,215,7,8,15
"5892",2016-02-28,"Indiana Pacers","Portland Trail Blazers",102,111,-9,213,19,8,27
"5893",2016-02-28,"Orlando Magic","Philadelphia 76ers",130,116,14,246,6,3,9
"5894",2016-02-28,"Dallas Mavericks","Minnesota Timberwolves",128,101,27,229,8,23,31
"5895",2016-02-28,"New York Knicks","Miami Heat",81,98,-17,179,12,12,24
"5896",2016-02-27,"Boston Celtics","Miami Heat",101,89,12,190,12,14,26
"5897",2016-02-27,"New Orleans Pelicans","Minnesota Timberwolves",110,112,-2,222,7,7,14
"5898",2016-02-27,"Chicago Bulls","Portland Trail Blazers",95,103,-8,198,10,8,18
"5899",2016-02-27,"Houston Rockets","San Antonio Spurs",94,104,-10,198,9,7,16
"5900",2016-02-27,"Milwaukee Bucks","Detroit Pistons",91,102,-11,193,12,17,29
"5901",2016-02-27,"Oklahoma City Thunder","Golden State Warriors",118,121,-3,239,16,4,20
"5902",2016-02-27,"Phoenix Suns","Memphis Grizzlies",111,106,5,217,16,7,23
"5903",2016-02-27,"Utah Jazz","Brooklyn Nets",96,98,-2,194,16,8,24
"5904",2016-02-26,"Indiana Pacers","Charlotte Hornets",95,96,-1,191,10,6,16
"5905",2016-02-26,"Philadelphia 76ers","Washington Wizards",94,103,-9,197,7,17,24
"5906",2016-02-26,"New York Knicks","Orlando Magic",108,95,13,203,11,15,26
"5907",2016-02-26,"Toronto Raptors","Cleveland Cavaliers",99,97,2,196,5,10,15
"5908",2016-02-26,"Atlanta Hawks","Chicago Bulls",103,88,15,191,13,17,30
"5909",2016-02-26,"Dallas Mavericks","Denver Nuggets",122,116,6,238,10,18,28
"5910",2016-02-26,"Sacramento Kings","Los Angeles Clippers",107,117,-10,224,13,11,24
"5911",2016-02-26,"Los Angeles Lakers","Memphis Grizzlies",95,112,-17,207,11,10,21
"5912",2016-02-25,"Orlando Magic","Golden State Warriors",114,130,-16,244,8,8,16
"5913",2016-02-25,"Boston Celtics","Milwaukee Bucks",112,107,5,219,9,7,16
"5914",2016-02-25,"New Orleans Pelicans","Oklahoma City Thunder",123,119,4,242,14,9,23
"5915",2016-02-25,"Phoenix Suns","Brooklyn Nets",106,116,-10,222,21,9,30
"5916",2016-02-25,"Portland Trail Blazers","Houston Rockets",105,119,-14,224,11,12,23
"5917",2016-02-25,"Utah Jazz","San Antonio Spurs",78,96,-18,174,4,9,13
"5918",2016-02-24,"Cleveland Cavaliers","Charlotte Hornets",114,103,11,217,12,8,20
"5919",2016-02-24,"Indiana Pacers","New York Knicks",108,105,3,213,9,8,17
"5920",2016-02-24,"Detroit Pistons","Philadelphia 76ers",111,91,20,202,10,10,20
"5921",2016-02-24,"Miami Heat","Golden State Warriors",112,118,-6,230,11,9,20
"5922",2016-02-24,"Toronto Raptors","Minnesota Timberwolves",114,105,9,219,13,11,24
"5923",2016-02-24,"Chicago Bulls","Washington Wizards",109,104,5,213,7,9,16
"5924",2016-02-24,"Memphis Grizzlies","Los Angeles Lakers",128,119,9,247,9,15,24
"5925",2016-02-24,"Dallas Mavericks","Oklahoma City Thunder",103,116,-13,219,13,14,27
"5926",2016-02-24,"Los Angeles Clippers","Denver Nuggets",81,87,-6,168,9,14,23
"5927",2016-02-24,"Sacramento Kings","San Antonio Spurs",92,108,-16,200,10,6,16
"5928",2016-02-23,"Philadelphia 76ers","Orlando Magic",115,124,-9,239,6,13,19
"5929",2016-02-23,"Washington Wizards","New Orleans Pelicans",109,89,20,198,7,8,15
"5930",2016-02-23,"Denver Nuggets","Sacramento Kings",110,114,-4,224,12,6,18
"5931",2016-02-23,"Utah Jazz","Houston Rockets",117,114,3,231,8,11,19
"5932",2016-02-23,"Portland Trail Blazers","Brooklyn Nets",112,104,8,216,7,12,19
"5933",2016-02-22,"Cleveland Cavaliers","Detroit Pistons",88,96,-8,184,5,6,11
"5934",2016-02-22,"Miami Heat","Indiana Pacers",101,93,8,194,20,7,27
"5935",2016-02-22,"New York Knicks","Toronto Raptors",95,122,-27,217,12,13,25
"5936",2016-02-22,"Atlanta Hawks","Golden State Warriors",92,102,-10,194,8,6,14
"5937",2016-02-22,"Milwaukee Bucks","Los Angeles Lakers",108,101,7,209,7,11,18
"5938",2016-02-22,"Minnesota Timberwolves","Boston Celtics",124,122,2,246,15,10,25
"5939",2016-02-22,"Los Angeles Clippers","Phoenix Suns",124,84,40,208,10,10,20
"5940",2016-02-21,"Detroit Pistons","New Orleans Pelicans",106,111,-5,217,11,11,22
"5941",2016-02-21,"Oklahoma City Thunder","Cleveland Cavaliers",92,115,-23,207,14,13,27
"5942",2016-02-21,"Denver Nuggets","Boston Celtics",101,121,-20,222,6,15,21
"5943",2016-02-21,"Phoenix Suns","San Antonio Spurs",111,118,-7,229,13,8,21
"5944",2016-02-21,"Brooklyn Nets","Charlotte Hornets",96,104,-8,200,9,6,15
"5945",2016-02-21,"Orlando Magic","Indiana Pacers",102,105,-3,207,11,5,16
"5946",2016-02-21,"Toronto Raptors","Memphis Grizzlies",98,85,13,183,9,10,19
"5947",2016-02-21,"Dallas Mavericks","Philadelphia 76ers",129,103,26,232,14,8,22
"5948",2016-02-21,"Chicago Bulls","Los Angeles Lakers",126,115,11,241,8,17,25
"5949",2016-02-21,"Portland Trail Blazers","Utah Jazz",115,111,4,226,23,12,35
"5950",2016-02-20,"Atlanta Hawks","Milwaukee Bucks",109,117,-8,226,10,17,27
"5951",2016-02-20,"Miami Heat","Washington Wizards",114,94,20,208,19,12,31
"5952",2016-02-20,"Minnesota Timberwolves","New York Knicks",95,103,-8,198,7,11,18
"5953",2016-02-20,"Los Angeles Clippers","Golden State Warriors",112,115,-3,227,15,6,21
"5954",2016-02-19,"Orlando Magic","Dallas Mavericks",110,104,6,214,14,6,20
"5955",2016-02-19,"Washington Wizards","Detroit Pistons",98,86,12,184,8,6,14
"5956",2016-02-19,"Brooklyn Nets","New York Knicks",109,98,11,207,7,8,15
"5957",2016-02-19,"Atlanta Hawks","Miami Heat",111,115,-4,226,8,10,18
"5958",2016-02-19,"Chicago Bulls","Toronto Raptors",116,106,10,222,11,11,22
"5959",2016-02-19,"Memphis Grizzlies","Minnesota Timberwolves",109,104,5,213,11,11,22
"5960",2016-02-19,"New Orleans Pelicans","Philadelphia 76ers",121,114,7,235,11,3,14
"5961",2016-02-19,"Oklahoma City Thunder","Indiana Pacers",98,101,-3,199,9,10,19
"5962",2016-02-19,"Milwaukee Bucks","Charlotte Hornets",95,98,-3,193,12,8,20
"5963",2016-02-19,"Phoenix Suns","Houston Rockets",100,116,-16,216,9,13,22
"5964",2016-02-19,"Portland Trail Blazers","Golden State Warriors",137,105,32,242,8,14,22
"5965",2016-02-19,"Sacramento Kings","Denver Nuggets",116,110,6,226,7,9,16
"5966",2016-02-19,"Utah Jazz","Boston Celtics",111,93,18,204,8,8,16
"5967",2016-02-19,"Los Angeles Lakers","San Antonio Spurs",113,119,-6,232,12,13,25
"5968",2016-02-18,"Washington Wizards","Utah Jazz",103,89,14,192,6,12,18
"5969",2016-02-18,"Cleveland Cavaliers","Chicago Bulls",106,95,11,201,11,15,26
"5970",2016-02-18,"Los Angeles Clippers","San Antonio Spurs",105,86,19,191,8,5,13
"5971",2016-02-11,"Milwaukee Bucks","Washington Wizards",99,92,7,191,15,9,24
"5972",2016-02-11,"Oklahoma City Thunder","New Orleans Pelicans",121,95,26,216,9,7,16
"5973",2016-02-10,"Indiana Pacers","Charlotte Hornets",95,117,-22,212,12,10,22
"5974",2016-02-10,"Orlando Magic","San Antonio Spurs",96,98,-2,194,13,11,24
"5975",2016-02-10,"Philadelphia 76ers","Sacramento Kings",110,114,-4,224,18,15,33
"5976",2016-02-10,"Boston Celtics","Los Angeles Clippers",139,134,5,273,8,9,17
"5977",2016-02-10,"Brooklyn Nets","Memphis Grizzlies",90,109,-19,199,8,10,18
"5978",2016-02-10,"Detroit Pistons","Denver Nuggets",92,103,-11,195,7,8,15
"5979",2016-02-10,"Cleveland Cavaliers","Los Angeles Lakers",120,111,9,231,13,11,24
"5980",2016-02-10,"Chicago Bulls","Atlanta Hawks",90,113,-23,203,11,11,22
"5981",2016-02-10,"Minnesota Timberwolves","Toronto Raptors",117,112,5,229,12,11,23
"5982",2016-02-10,"New Orleans Pelicans","Utah Jazz",100,96,4,196,9,8,17
"5983",2016-02-10,"Phoenix Suns","Golden State Warriors",104,112,-8,216,10,8,18
"5984",2016-02-10,"Portland Trail Blazers","Houston Rockets",116,103,13,219,16,8,24
"5985",2016-02-09,"Miami Heat","San Antonio Spurs",101,119,-18,220,1,11,12
"5986",2016-02-09,"New York Knicks","Washington Wizards",108,111,-3,219,7,2,9
"5987",2016-02-09,"Milwaukee Bucks","Boston Celtics",112,111,1,223,11,13,24
"5988",2016-02-09,"Dallas Mavericks","Utah Jazz",119,121,-2,240,6,13,19
"5989",2016-02-09,"Golden State Warriors","Houston Rockets",123,110,13,233,14,13,27
"5990",2016-02-08,"Charlotte Hornets","Chicago Bulls",108,91,17,199,10,8,18
"5991",2016-02-08,"Cleveland Cavaliers","Sacramento Kings",120,100,20,220,12,8,20
"5992",2016-02-08,"Indiana Pacers","Los Angeles Lakers",89,87,2,176,8,14,22
"5993",2016-02-08,"Philadelphia 76ers","Los Angeles Clippers",92,98,-6,190,11,14,25
"5994",2016-02-08,"Brooklyn Nets","Denver Nuggets",105,104,1,209,8,12,20
"5995",2016-02-08,"Detroit Pistons","Toronto Raptors",89,103,-14,192,11,2,13
"5996",2016-02-08,"Atlanta Hawks","Orlando Magic",110,117,-7,227,8,6,14
"5997",2016-02-08,"Memphis Grizzlies","Portland Trail Blazers",106,112,-6,218,5,8,13
"5998",2016-02-08,"Minnesota Timberwolves","New Orleans Pelicans",102,116,-14,218,11,9,20
"5999",2016-02-08,"Phoenix Suns","Oklahoma City Thunder",106,122,-16,228,9,14,23
"6000",2016-02-07,"New York Knicks","Denver Nuggets",96,101,-5,197,10,11,21
"6001",2016-02-07,"Orlando Magic","Atlanta Hawks",96,94,2,190,8,18,26
"6002",2016-02-07,"Boston Celtics","Sacramento Kings",128,119,9,247,12,7,19
"6003",2016-02-07,"Miami Heat","Los Angeles Clippers",93,100,-7,193,13,7,20
"6004",2016-02-06,"Houston Rockets","Portland Trail Blazers",79,96,-17,175,12,20,32
"6005",2016-02-06,"Charlotte Hornets","Washington Wizards",108,104,4,212,7,8,15
"6006",2016-02-06,"Indiana Pacers","Detroit Pistons",112,104,8,216,8,11,19
"6007",2016-02-06,"Cleveland Cavaliers","New Orleans Pelicans",99,84,15,183,10,13,23
"6008",2016-02-06,"Philadelphia 76ers","Brooklyn Nets",103,98,5,201,13,9,22
"6009",2016-02-06,"Memphis Grizzlies","Dallas Mavericks",110,114,-4,224,7,9,16
"6010",2016-02-06,"Minnesota Timberwolves","Chicago Bulls",112,105,7,217,14,9,23
"6011",2016-02-06,"San Antonio Spurs","Los Angeles Lakers",106,102,4,208,15,13,28
"6012",2016-02-06,"Phoenix Suns","Utah Jazz",89,98,-9,187,12,10,22
"6013",2016-02-06,"Golden State Warriors","Oklahoma City Thunder",116,108,8,224,13,12,25
"6014",2016-02-05,"Atlanta Hawks","Indiana Pacers",102,96,6,198,3,19,22
"6015",2016-02-05,"Charlotte Hornets","Miami Heat",95,98,-3,193,3,8,11
"6016",2016-02-05,"Orlando Magic","Los Angeles Clippers",93,107,-14,200,11,6,17
"6017",2016-02-05,"Washington Wizards","Philadelphia 76ers",106,94,12,200,9,6,15
"6018",2016-02-05,"Brooklyn Nets","Sacramento Kings",128,119,9,247,11,5,16
"6019",2016-02-05,"Cleveland Cavaliers","Boston Celtics",103,104,-1,207,15,11,26
"6020",2016-02-05,"New York Knicks","Memphis Grizzlies",85,91,-6,176,14,4,18
"6021",2016-02-05,"Denver Nuggets","Chicago Bulls",115,110,5,225,13,11,24
"6022",2016-02-05,"Utah Jazz","Milwaukee Bucks",84,81,3,165,12,7,19
"6023",2016-02-05,"Dallas Mavericks","San Antonio Spurs",90,116,-26,206,5,8,13
"6024",2016-02-04,"Detroit Pistons","New York Knicks",111,105,6,216,4,8,12
"6025",2016-02-04,"Phoenix Suns","Houston Rockets",105,111,-6,216,18,18,36
"6026",2016-02-04,"New Orleans Pelicans","Los Angeles Lakers",96,99,-3,195,7,9,16
"6027",2016-02-04,"Portland Trail Blazers","Toronto Raptors",103,110,-7,213,10,12,22
"6028",2016-02-03,"Charlotte Hornets","Cleveland Cavaliers",106,97,9,203,11,3,14
"6029",2016-02-03,"Philadelphia 76ers","Atlanta Hawks",86,124,-38,210,6,11,17
"6030",2016-02-03,"Boston Celtics","Detroit Pistons",102,95,7,197,6,9,15
"6031",2016-02-03,"Brooklyn Nets","Indiana Pacers",100,114,-14,214,9,10,19
"6032",2016-02-03,"Washington Wizards","Golden State Warriors",121,134,-13,255,4,11,15
"6033",2016-02-03,"Oklahoma City Thunder","Orlando Magic",117,114,3,231,19,12,31
"6034",2016-02-03,"Dallas Mavericks","Miami Heat",90,93,-3,183,8,11,19
"6035",2016-02-03,"San Antonio Spurs","New Orleans Pelicans",110,97,13,207,4,11,15
"6036",2016-02-03,"Utah Jazz","Denver Nuggets",85,81,4,166,8,9,17
"6037",2016-02-03,"Sacramento Kings","Chicago Bulls",102,107,-5,209,9,10,19
"6038",2016-02-03,"Los Angeles Clippers","Minnesota Timberwolves",102,108,-6,210,11,10,21
"6039",2016-02-02,"New York Knicks","Boston Celtics",89,97,-8,186,16,12,28
"6040",2016-02-02,"Houston Rockets","Miami Heat",115,102,13,217,3,13,16
"6041",2016-02-02,"Phoenix Suns","Toronto Raptors",97,104,-7,201,8,8,16
"6042",2016-02-02,"Portland Trail Blazers","Milwaukee Bucks",107,95,12,202,10,12,22
"6043",2016-02-02,"Los Angeles Lakers","Minnesota Timberwolves",119,115,4,234,7,8,15
"6044",2016-02-01,"Indiana Pacers","Cleveland Cavaliers",106,111,-5,217,17,10,27
"6045",2016-02-01,"Brooklyn Nets","Detroit Pistons",100,105,-5,205,7,19,26
"6046",2016-02-01,"Atlanta Hawks","Dallas Mavericks",112,97,15,209,5,10,15
"6047",2016-02-01,"New Orleans Pelicans","Memphis Grizzlies",95,110,-15,205,14,3,17
"6048",2016-02-01,"Oklahoma City Thunder","Washington Wizards",114,98,16,212,14,2,16
"6049",2016-02-01,"San Antonio Spurs","Orlando Magic",107,92,15,199,5,19,24
"6050",2016-02-01,"Denver Nuggets","Toronto Raptors",112,93,19,205,7,9,16
"6051",2016-02-01,"Utah Jazz","Chicago Bulls",105,96,9,201,10,8,18
"6052",2016-02-01,"Sacramento Kings","Milwaukee Bucks",111,104,7,215,18,10,28
"6053",2016-01-31,"Los Angeles Clippers","Chicago Bulls",120,93,27,213,7,11,18
"6054",2016-01-31,"Miami Heat","Atlanta Hawks",105,87,18,192,10,2,12
"6055",2016-01-31,"Orlando Magic","Boston Celtics",119,114,5,233,12,13,25
"6056",2016-01-31,"Dallas Mavericks","Phoenix Suns",91,78,13,169,13,11,24
"6057",2016-01-31,"New York Knicks","Golden State Warriors",95,116,-21,211,12,3,15
"6058",2016-01-31,"Portland Trail Blazers","Minnesota Timberwolves",96,93,3,189,8,15,23
"6059",2016-01-31,"Los Angeles Lakers","Charlotte Hornets",82,101,-19,183,4,14,18
"6060",2016-01-30,"Philadelphia 76ers","Golden State Warriors",105,108,-3,213,8,12,20
"6061",2016-01-30,"Toronto Raptors","Detroit Pistons",111,107,4,218,13,10,23
"6062",2016-01-30,"Indiana Pacers","Denver Nuggets",109,105,4,214,14,8,22
"6063",2016-01-30,"New Orleans Pelicans","Brooklyn Nets",105,103,2,208,14,10,24
"6064",2016-01-30,"Houston Rockets","Washington Wizards",122,123,-1,245,10,7,17
"6065",2016-01-30,"Memphis Grizzlies","Sacramento Kings",121,117,4,238,2,18,20
"6066",2016-01-30,"Cleveland Cavaliers","San Antonio Spurs",117,103,14,220,10,8,18
"6067",2016-01-29,"Boston Celtics","Orlando Magic",113,94,19,207,8,9,17
"6068",2016-01-29,"Detroit Pistons","Cleveland Cavaliers",106,114,-8,220,9,10,19
"6069",2016-01-29,"New York Knicks","Phoenix Suns",102,84,18,186,10,12,22
"6070",2016-01-29,"Oklahoma City Thunder","Houston Rockets",116,108,8,224,11,11,22
"6071",2016-01-29,"Milwaukee Bucks","Miami Heat",103,107,-4,210,13,8,21
"6072",2016-01-29,"Dallas Mavericks","Brooklyn Nets",91,79,12,170,10,10,20
"6073",2016-01-29,"Utah Jazz","Minnesota Timberwolves",103,90,13,193,10,13,23
"6074",2016-01-29,"Portland Trail Blazers","Charlotte Hornets",109,91,18,200,13,14,27
"6075",2016-01-29,"Los Angeles Clippers","Los Angeles Lakers",105,93,12,198,5,11,16
"6076",2016-01-28,"Indiana Pacers","Atlanta Hawks",111,92,19,203,10,5,15
"6077",2016-01-28,"Washington Wizards","Denver Nuggets",113,117,-4,230,12,7,19
"6078",2016-01-28,"Toronto Raptors","New York Knicks",103,93,10,196,15,12,27
"6079",2016-01-28,"Memphis Grizzlies","Milwaukee Bucks",103,83,20,186,9,16,25
"6080",2016-01-28,"New Orleans Pelicans","Sacramento Kings",114,105,9,219,12,4,16
"6081",2016-01-28,"Los Angeles Lakers","Chicago Bulls",91,114,-23,205,11,12,23
"6082",2016-01-27,"Cleveland Cavaliers","Phoenix Suns",115,93,22,208,10,12,22
"6083",2016-01-27,"Boston Celtics","Denver Nuggets",111,103,8,214,14,14,28
"6084",2016-01-27,"Detroit Pistons","Philadelphia 76ers",110,97,13,207,21,9,30
"6085",2016-01-27,"Atlanta Hawks","Los Angeles Clippers",83,85,-2,168,8,9,17
"6086",2016-01-27,"Minnesota Timberwolves","Oklahoma City Thunder",123,126,-3,249,12,15,27
"6087",2016-01-27,"San Antonio Spurs","Houston Rockets",130,99,31,229,12,12,24
"6088",2016-01-27,"Utah Jazz","Charlotte Hornets",102,73,29,175,7,5,12
"6089",2016-01-27,"Golden State Warriors","Dallas Mavericks",127,107,20,234,7,8,15
"6090",2016-01-26,"Indiana Pacers","Los Angeles Clippers",89,91,-2,180,12,9,21
"6091",2016-01-26,"Philadelphia 76ers","Phoenix Suns",113,103,10,216,8,10,18
"6092",2016-01-26,"Brooklyn Nets","Miami Heat",98,102,-4,200,3,5,8
"6093",2016-01-26,"New York Knicks","Oklahoma City Thunder",122,128,-6,250,9,16,25
"6094",2016-01-26,"Toronto Raptors","Washington Wizards",106,89,17,195,11,7,18
"6095",2016-01-26,"Milwaukee Bucks","Orlando Magic",107,100,7,207,11,12,23
"6096",2016-01-26,"Portland Trail Blazers","Sacramento Kings",112,97,15,209,10,10,20
"6097",2016-01-26,"Los Angeles Lakers","Dallas Mavericks",90,92,-2,182,8,5,13
"6098",2016-01-25,"Cleveland Cavaliers","Minnesota Timberwolves",114,107,7,221,12,8,20
"6099",2016-01-25,"Washington Wizards","Boston Celtics",91,116,-25,207,5,7,12
"6100",2016-01-25,"Chicago Bulls","Miami Heat",84,89,-5,173,12,6,18
"6101",2016-01-25,"Memphis Grizzlies","Orlando Magic",108,102,6,210,18,8,26
"6102",2016-01-25,"New Orleans Pelicans","Houston Rockets",111,112,-1,223,16,7,23
"6103",2016-01-25,"Denver Nuggets","Atlanta Hawks",105,119,-14,224,12,10,22
"6104",2016-01-25,"Utah Jazz","Detroit Pistons",92,95,-3,187,12,7,19
"6105",2016-01-25,"Sacramento Kings","Charlotte Hornets",128,129,-1,257,9,16,25
"6106",2016-01-25,"Golden State Warriors","San Antonio Spurs",120,90,30,210,10,9,19
"6107",2016-01-24,"Houston Rockets","Dallas Mavericks",115,104,11,219,9,8,17
"6108",2016-01-24,"Toronto Raptors","Los Angeles Clippers",112,94,18,206,8,7,15
"6109",2016-01-24,"Philadelphia 76ers","Boston Celtics",92,112,-20,204,13,15,28
"6110",2016-01-24,"Brooklyn Nets","Oklahoma City Thunder",116,106,10,222,18,14,32
"6111",2016-01-23,"Charlotte Hornets","New York Knicks",97,84,13,181,11,8,19
"6112",2016-01-23,"New Orleans Pelicans","Milwaukee Bucks",116,99,17,215,12,6,18
"6113",2016-01-23,"Minnesota Timberwolves","Memphis Grizzlies",106,101,5,207,8,10,18
"6114",2016-01-23,"Cleveland Cavaliers","Chicago Bulls",83,96,-13,179,16,13,29
"6115",2016-01-23,"Phoenix Suns","Atlanta Hawks",98,95,3,193,15,11,26
"6116",2016-01-23,"Denver Nuggets","Detroit Pistons",104,101,3,205,3,11,14
"6117",2016-01-23,"Portland Trail Blazers","Los Angeles Lakers",121,103,18,224,14,4,18
"6118",2016-01-23,"Sacramento Kings","Indiana Pacers",108,97,11,205,13,9,22
"6119",2016-01-22,"Orlando Magic","Charlotte Hornets",116,120,-4,236,7,14,21
"6120",2016-01-22,"Boston Celtics","Chicago Bulls",110,101,9,211,16,15,31
"6121",2016-01-22,"Brooklyn Nets","Utah Jazz",86,108,-22,194,6,9,15
"6122",2016-01-22,"New York Knicks","Los Angeles Clippers",88,116,-28,204,12,3,15
"6123",2016-01-22,"Toronto Raptors","Miami Heat",101,81,20,182,6,14,20
"6124",2016-01-22,"Houston Rockets","Milwaukee Bucks",102,98,4,200,15,14,29
"6125",2016-01-22,"Dallas Mavericks","Oklahoma City Thunder",106,109,-3,215,7,17,24
"6126",2016-01-22,"Golden State Warriors","Indiana Pacers",122,110,12,232,14,15,29
"6127",2016-01-22,"Los Angeles Lakers","San Antonio Spurs",95,108,-13,203,12,7,19
"6128",2016-01-21,"Cleveland Cavaliers","Los Angeles Clippers",115,102,13,217,14,8,22
"6129",2016-01-21,"New Orleans Pelicans","Detroit Pistons",115,99,16,214,11,18,29
"6130",2016-01-21,"Denver Nuggets","Memphis Grizzlies",101,102,-1,203,10,4,14
"6131",2016-01-21,"Sacramento Kings","Atlanta Hawks",91,88,3,179,17,7,24
"6132",2016-01-21,"Phoenix Suns","San Antonio Spurs",89,117,-28,206,9,10,19
"6133",2016-01-20,"Orlando Magic","Philadelphia 76ers",87,96,-9,183,13,4,17
"6134",2016-01-20,"Washington Wizards","Miami Heat",106,87,19,193,11,7,18
"6135",2016-01-20,"Brooklyn Nets","Cleveland Cavaliers",78,91,-13,169,9,6,15
"6136",2016-01-20,"New York Knicks","Utah Jazz",118,111,7,229,12,14,26
"6137",2016-01-20,"Toronto Raptors","Boston Celtics",115,109,6,224,9,8,17
"6138",2016-01-20,"Chicago Bulls","Golden State Warriors",94,125,-31,219,16,12,28
"6139",2016-01-20,"Houston Rockets","Detroit Pistons",114,123,-9,237,11,14,25
"6140",2016-01-20,"Oklahoma City Thunder","Charlotte Hornets",109,95,14,204,14,6,20
"6141",2016-01-20,"Dallas Mavericks","Minnesota Timberwolves",106,94,12,200,9,10,19
"6142",2016-01-20,"Los Angeles Lakers","Sacramento Kings",93,112,-19,205,12,15,27
"6143",2016-01-20,"Portland Trail Blazers","Atlanta Hawks",98,104,-6,202,13,10,23
"6144",2016-01-19,"Miami Heat","Milwaukee Bucks",79,91,-12,170,12,7,19
"6145",2016-01-19,"New Orleans Pelicans","Minnesota Timberwolves",114,99,15,213,12,12,24
"6146",2016-01-19,"Denver Nuggets","Oklahoma City Thunder",104,110,-6,214,12,16,28
"6147",2016-01-19,"Phoenix Suns","Indiana Pacers",94,97,-3,191,13,10,23
"6148",2016-01-18,"New York Knicks","Philadelphia 76ers",119,113,6,232,10,7,17
"6149",2016-01-18,"Charlotte Hornets","Utah Jazz",124,119,5,243,7,15,22
"6150",2016-01-18,"Washington Wizards","Portland Trail Blazers",98,108,-10,206,4,9,13
"6151",2016-01-18,"Memphis Grizzlies","New Orleans Pelicans",101,99,2,200,11,6,17
"6152",2016-01-18,"Detroit Pistons","Chicago Bulls",101,111,-10,212,20,6,26
"6153",2016-01-18,"Atlanta Hawks","Orlando Magic",98,81,17,179,4,11,15
"6154",2016-01-18,"Toronto Raptors","Brooklyn Nets",112,100,12,212,8,8,16
"6155",2016-01-18,"Cleveland Cavaliers","Golden State Warriors",98,132,-34,230,8,6,14
"6156",2016-01-18,"Dallas Mavericks","Boston Celtics",118,113,5,231,11,13,24
"6157",2016-01-18,"Los Angeles Clippers","Houston Rockets",140,132,8,272,9,16,25
"6158",2016-01-17,"Minnesota Timberwolves","Phoenix Suns",117,87,30,204,8,9,17
"6159",2016-01-17,"Oklahoma City Thunder","Miami Heat",99,74,25,173,13,7,20
"6160",2016-01-17,"San Antonio Spurs","Dallas Mavericks",112,83,29,195,6,5,11
"6161",2016-01-17,"Denver Nuggets","Indiana Pacers",129,126,3,255,17,9,26
"6162",2016-01-17,"Los Angeles Lakers","Houston Rockets",95,112,-17,207,3,11,14
"6163",2016-01-16,"Charlotte Hornets","Milwaukee Bucks",92,105,-13,197,13,6,19
"6164",2016-01-16,"Atlanta Hawks","Brooklyn Nets",114,86,28,200,5,7,12
"6165",2016-01-16,"Washington Wizards","Boston Celtics",117,119,-2,236,14,17,31
"6166",2016-01-16,"Detroit Pistons","Golden State Warriors",113,95,18,208,17,14,31
"6167",2016-01-16,"Philadelphia 76ers","Portland Trail Blazers",114,89,25,203,3,9,12
"6168",2016-01-16,"Memphis Grizzlies","New York Knicks",103,95,8,198,13,6,19
"6169",2016-01-16,"Utah Jazz","Los Angeles Lakers",109,82,27,191,11,16,27
"6170",2016-01-16,"Los Angeles Clippers","Sacramento Kings",103,110,-7,213,14,9,23
"6171",2016-01-15,"Indiana Pacers","Washington Wizards",104,118,-14,222,6,17,23
"6172",2016-01-15,"Oklahoma City Thunder","Minnesota Timberwolves",113,93,20,206,12,16,28
"6173",2016-01-15,"Boston Celtics","Phoenix Suns",117,103,14,220,17,9,26
"6174",2016-01-15,"Brooklyn Nets","Portland Trail Blazers",104,116,-12,220,16,12,28
"6175",2016-01-15,"Chicago Bulls","Dallas Mavericks",77,83,-6,160,12,7,19
"6176",2016-01-15,"New Orleans Pelicans","Charlotte Hornets",109,107,2,216,8,3,11
"6177",2016-01-15,"Milwaukee Bucks","Atlanta Hawks",108,101,7,209,21,7,28
"6178",2016-01-15,"Denver Nuggets","Miami Heat",95,98,-3,193,6,9,15
"6179",2016-01-15,"Houston Rockets","Cleveland Cavaliers",77,91,-14,168,10,17,27
"6180",2016-01-14,"Orlando Magic","Toronto Raptors",103,106,-3,209,6,11,17
"6181",2016-01-14,"Philadelphia 76ers","Chicago Bulls",111,115,-4,226,11,17,28
"6182",2016-01-14,"Memphis Grizzlies","Detroit Pistons",103,101,2,204,5,8,13
"6183",2016-01-14,"San Antonio Spurs","Cleveland Cavaliers",99,95,4,194,11,9,20
"6184",2016-01-14,"Utah Jazz","Sacramento Kings",101,103,-2,204,10,14,24
"6185",2016-01-14,"Golden State Warriors","Los Angeles Lakers",116,98,18,214,12,16,28
"6186",2016-01-13,"Charlotte Hornets","Atlanta Hawks",107,84,23,191,11,6,17
"6187",2016-01-13,"Washington Wizards","Milwaukee Bucks",106,101,5,207,9,10,19
"6188",2016-01-13,"Brooklyn Nets","New York Knicks",110,104,6,214,8,15,23
"6189",2016-01-13,"Boston Celtics","Indiana Pacers",103,94,9,197,14,13,27
"6190",2016-01-13,"Houston Rockets","Minnesota Timberwolves",107,104,3,211,8,14,22
"6191",2016-01-13,"Oklahoma City Thunder","Dallas Mavericks",108,89,19,197,13,8,21
"6192",2016-01-13,"Denver Nuggets","Golden State Warriors",112,110,2,222,13,7,20
"6193",2016-01-13,"Portland Trail Blazers","Utah Jazz",99,85,14,184,17,10,27
"6194",2016-01-13,"Sacramento Kings","New Orleans Pelicans",97,109,-12,206,10,13,23
"6195",2016-01-13,"Los Angeles Clippers","Miami Heat",104,90,14,194,10,5,15
"6196",2016-01-12,"Indiana Pacers","Phoenix Suns",116,97,19,213,8,16,24
"6197",2016-01-12,"Detroit Pistons","San Antonio Spurs",99,109,-10,208,11,11,22
"6198",2016-01-12,"New York Knicks","Boston Celtics",120,114,6,234,6,7,13
"6199",2016-01-12,"Memphis Grizzlies","Houston Rockets",91,107,-16,198,13,18,31
"6200",2016-01-12,"Milwaukee Bucks","Chicago Bulls",106,101,5,207,14,20,34
"6201",2016-01-12,"Minnesota Timberwolves","Oklahoma City Thunder",96,101,-5,197,11,8,19
"6202",2016-01-12,"Dallas Mavericks","Cleveland Cavaliers",107,110,-3,217,7,17,24
"6203",2016-01-12,"Los Angeles Lakers","New Orleans Pelicans",95,91,4,186,11,12,23
"6204",2016-01-11,"Brooklyn Nets","San Antonio Spurs",79,106,-27,185,5,10,15
"6205",2016-01-11,"Chicago Bulls","Washington Wizards",100,114,-14,214,10,13,23
"6206",2016-01-11,"Golden State Warriors","Miami Heat",111,103,8,214,9,9,18
"6207",2016-01-10,"Los Angeles Clippers","New Orleans Pelicans",114,111,3,225,8,15,23
"6208",2016-01-10,"Minnesota Timberwolves","Dallas Mavericks",87,93,-6,180,11,11,22
"6209",2016-01-10,"Philadelphia 76ers","Cleveland Cavaliers",85,95,-10,180,7,13,20
"6210",2016-01-10,"Memphis Grizzlies","Boston Celtics",101,98,3,199,21,11,32
"6211",2016-01-10,"Houston Rockets","Indiana Pacers",107,103,4,210,10,5,15
"6212",2016-01-10,"New York Knicks","Milwaukee Bucks",100,88,12,188,12,14,26
"6213",2016-01-10,"Denver Nuggets","Charlotte Hornets",95,92,3,187,8,9,17
"6214",2016-01-10,"Portland Trail Blazers","Oklahoma City Thunder",115,110,5,225,20,8,28
"6215",2016-01-10,"Los Angeles Lakers","Utah Jazz",74,86,-12,160,16,6,22
"6216",2016-01-09,"Los Angeles Clippers","Charlotte Hornets",97,83,14,180,13,11,24
"6217",2016-01-09,"Atlanta Hawks","Chicago Bulls",120,105,15,225,8,12,20
"6218",2016-01-09,"Orlando Magic","Washington Wizards",99,105,-6,204,11,4,15
"6219",2016-01-09,"Detroit Pistons","Brooklyn Nets",103,89,14,192,11,5,16
"6220",2016-01-09,"Philadelphia 76ers","Toronto Raptors",95,108,-13,203,9,6,15
"6221",2016-01-09,"Utah Jazz","Miami Heat",98,83,15,181,5,15,20
"6222",2016-01-09,"Sacramento Kings","Golden State Warriors",116,128,-12,244,7,9,16
"6223",2016-01-08,"Washington Wizards","Toronto Raptors",88,97,-9,185,7,6,13
"6224",2016-01-08,"Brooklyn Nets","Orlando Magic",77,83,-6,160,10,13,23
"6225",2016-01-08,"Memphis Grizzlies","Denver Nuggets",91,84,7,175,11,19,30
"6226",2016-01-08,"Minnesota Timberwolves","Cleveland Cavaliers",99,125,-26,224,7,10,17
"6227",2016-01-08,"New Orleans Pelicans","Indiana Pacers",86,91,-5,177,8,14,22
"6228",2016-01-08,"Milwaukee Bucks","Dallas Mavericks",96,95,1,191,15,16,31
"6229",2016-01-08,"San Antonio Spurs","New York Knicks",100,99,1,199,12,10,22
"6230",2016-01-08,"Phoenix Suns","Miami Heat",95,103,-8,198,15,6,21
"6231",2016-01-08,"Portland Trail Blazers","Golden State Warriors",108,128,-20,236,12,5,17
"6232",2016-01-08,"Los Angeles Lakers","Oklahoma City Thunder",113,117,-4,230,10,16,26
"6233",2016-01-07,"Philadelphia 76ers","Atlanta Hawks",98,126,-28,224,14,14,28
"6234",2016-01-07,"Chicago Bulls","Boston Celtics",101,92,9,193,12,15,27
"6235",2016-01-07,"Houston Rockets","Utah Jazz",103,94,9,197,11,10,21
"6236",2016-01-07,"Sacramento Kings","Los Angeles Lakers",118,115,3,233,10,6,16
"6237",2016-01-06,"Miami Heat","New York Knicks",90,98,-8,188,12,5,17
"6238",2016-01-06,"Orlando Magic","Indiana Pacers",86,95,-9,181,9,9,18
"6239",2016-01-06,"Washington Wizards","Cleveland Cavaliers",115,121,-6,236,5,13,18
"6240",2016-01-06,"Boston Celtics","Detroit Pistons",94,99,-5,193,13,11,24
"6241",2016-01-06,"Brooklyn Nets","Toronto Raptors",74,91,-17,165,6,12,18
"6242",2016-01-06,"Minnesota Timberwolves","Denver Nuggets",74,78,-4,152,8,13,21
"6243",2016-01-06,"New Orleans Pelicans","Dallas Mavericks",91,100,-9,191,15,11,26
"6244",2016-01-06,"San Antonio Spurs","Utah Jazz",123,98,25,221,8,10,18
"6245",2016-01-06,"Phoenix Suns","Charlotte Hornets",111,102,9,213,2,9,11
"6246",2016-01-06,"Oklahoma City Thunder","Memphis Grizzlies",112,94,18,206,13,9,22
"6247",2016-01-06,"Portland Trail Blazers","Los Angeles Clippers",98,109,-11,207,17,10,27
"6248",2016-01-05,"Atlanta Hawks","New York Knicks",101,107,-6,208,14,11,25
"6249",2016-01-05,"Chicago Bulls","Milwaukee Bucks",117,106,11,223,7,17,24
"6250",2016-01-05,"Dallas Mavericks","Sacramento Kings",117,116,1,233,13,9,22
"6251",2016-01-05,"Los Angeles Lakers","Golden State Warriors",88,109,-21,197,15,10,25
"6252",2016-01-04,"Cleveland Cavaliers","Toronto Raptors",122,100,22,222,11,8,19
"6253",2016-01-04,"Philadelphia 76ers","Minnesota Timberwolves",109,99,10,208,12,6,18
"6254",2016-01-04,"Brooklyn Nets","Boston Celtics",94,103,-9,197,16,12,28
"6255",2016-01-04,"Detroit Pistons","Orlando Magic",115,89,26,204,18,5,23
"6256",2016-01-04,"Miami Heat","Indiana Pacers",103,100,3,203,15,14,29
"6257",2016-01-04,"Milwaukee Bucks","San Antonio Spurs",98,123,-25,221,10,13,23
"6258",2016-01-04,"Oklahoma City Thunder","Sacramento Kings",104,116,-12,220,11,13,24
"6259",2016-01-04,"Utah Jazz","Houston Rockets",91,93,-2,184,15,6,21
"6260",2016-01-04,"Portland Trail Blazers","Memphis Grizzlies",78,91,-13,169,7,17,24
"6261",2016-01-04,"Golden State Warriors","Charlotte Hornets",111,101,10,212,3,8,11
"6262",2016-01-03,"New York Knicks","Atlanta Hawks",111,97,14,208,12,8,20
"6263",2016-01-03,"Toronto Raptors","Chicago Bulls",113,115,-2,228,13,8,21
"6264",2016-01-03,"Washington Wizards","Miami Heat",75,97,-22,172,11,9,20
"6265",2016-01-03,"Denver Nuggets","Portland Trail Blazers",106,112,-6,218,15,7,22
"6266",2016-01-03,"Los Angeles Lakers","Phoenix Suns",97,77,20,174,9,9,18
"6267",2016-01-02,"Boston Celtics","Brooklyn Nets",97,100,-3,197,16,14,30
"6268",2016-01-02,"Sacramento Kings","Phoenix Suns",142,119,23,261,10,4,14
"6269",2016-01-02,"Charlotte Hornets","Oklahoma City Thunder",90,109,-19,199,7,10,17
"6270",2016-01-02,"Indiana Pacers","Detroit Pistons",94,82,12,176,6,12,18
"6271",2016-01-02,"Cleveland Cavaliers","Orlando Magic",104,79,25,183,12,5,17
"6272",2016-01-02,"Minnesota Timberwolves","Milwaukee Bucks",85,95,-10,180,16,11,27
"6273",2016-01-02,"Dallas Mavericks","New Orleans Pelicans",98,105,-7,203,3,9,12
"6274",2016-01-02,"San Antonio Spurs","Houston Rockets",121,103,18,224,8,8,16
"6275",2016-01-02,"Utah Jazz","Memphis Grizzlies",92,87,5,179,9,8,17
"6276",2016-01-02,"Golden State Warriors","Denver Nuggets",111,108,3,219,9,24,33
"6277",2016-01-02,"Los Angeles Clippers","Philadelphia 76ers",130,99,31,229,6,9,15
"6278",2016-01-01,"Washington Wizards","Orlando Magic",103,91,12,194,12,7,19
"6279",2016-01-01,"Miami Heat","Dallas Mavericks",106,82,24,188,8,13,21
"6280",2016-01-01,"Toronto Raptors","Charlotte Hornets",104,94,10,198,20,14,34
"6281",2016-01-01,"Chicago Bulls","New York Knicks",108,81,27,189,14,11,25
"6282",2016-01-01,"Los Angeles Lakers","Philadelphia 76ers",93,84,9,177,13,13,26
"6283",2015-12-31,"Indiana Pacers","Milwaukee Bucks",116,120,-4,236,7,6,13
"6284",2015-12-31,"Detroit Pistons","Minnesota Timberwolves",115,90,25,205,12,6,18
"6285",2015-12-31,"Houston Rockets","Golden State Warriors",110,114,-4,224,4,12,16
"6286",2015-12-31,"New Orleans Pelicans","Los Angeles Clippers",89,95,-6,184,5,13,18
"6287",2015-12-31,"Oklahoma City Thunder","Phoenix Suns",110,106,4,216,12,11,23
"6288",2015-12-31,"Utah Jazz","Portland Trail Blazers",109,96,13,205,12,8,20
"6289",2015-12-30,"Charlotte Hornets","Los Angeles Clippers",117,122,-5,239,17,8,25
"6290",2015-12-30,"Orlando Magic","Brooklyn Nets",100,93,7,193,17,11,28
"6291",2015-12-30,"Boston Celtics","Los Angeles Lakers",104,112,-8,216,9,13,22
"6292",2015-12-30,"Toronto Raptors","Washington Wizards",94,91,3,185,15,8,23
"6293",2015-12-30,"Chicago Bulls","Indiana Pacers",102,100,2,202,14,16,30
"6294",2015-12-30,"Minnesota Timberwolves","Utah Jazz",94,80,14,174,13,15,28
"6295",2015-12-30,"Dallas Mavericks","Golden State Warriors",114,91,23,205,12,8,20
"6296",2015-12-30,"San Antonio Spurs","Phoenix Suns",112,79,33,191,6,8,14
"6297",2015-12-30,"Portland Trail Blazers","Denver Nuggets",110,103,7,213,12,12,24
"6298",2015-12-30,"Sacramento Kings","Philadelphia 76ers",105,110,-5,215,7,16,23
"6299",2015-12-29,"New York Knicks","Detroit Pistons",108,96,12,204,6,15,21
"6300",2015-12-29,"Houston Rockets","Atlanta Hawks",115,121,-6,236,7,17,24
"6301",2015-12-29,"Memphis Grizzlies","Miami Heat",99,90,9,189,16,8,24
"6302",2015-12-29,"Oklahoma City Thunder","Milwaukee Bucks",131,123,8,254,11,18,29
"6303",2015-12-29,"Denver Nuggets","Cleveland Cavaliers",87,93,-6,180,12,9,21
"6304",2015-12-28,"Charlotte Hornets","Los Angeles Lakers",108,98,10,206,7,6,13
"6305",2015-12-28,"Indiana Pacers","Atlanta Hawks",93,87,6,180,11,8,19
"6306",2015-12-28,"Orlando Magic","New Orleans Pelicans",104,89,15,193,4,10,14
"6307",2015-12-28,"Washington Wizards","Los Angeles Clippers",91,108,-17,199,13,3,16
"6308",2015-12-28,"Miami Heat","Brooklyn Nets",105,111,-6,216,11,16,27
"6309",2015-12-28,"Chicago Bulls","Toronto Raptors",104,97,7,201,11,11,22
"6310",2015-12-28,"Dallas Mavericks","Milwaukee Bucks",103,93,10,196,6,9,15
"6311",2015-12-28,"San Antonio Spurs","Minnesota Timberwolves",101,95,6,196,5,6,11
"6312",2015-12-28,"Phoenix Suns","Cleveland Cavaliers",97,101,-4,198,14,10,24
"6313",2015-12-28,"Utah Jazz","Philadelphia 76ers",95,91,4,186,15,8,23
"6314",2015-12-28,"Golden State Warriors","Sacramento Kings",122,103,19,225,13,13,26
"6315",2015-12-27,"Memphis Grizzlies","Los Angeles Lakers",112,96,16,208,7,18,25
"6316",2015-12-27,"Boston Celtics","New York Knicks",100,91,9,191,12,13,25
"6317",2015-12-27,"Oklahoma City Thunder","Denver Nuggets",122,112,10,234,13,17,30
"6318",2015-12-27,"Sacramento Kings","Portland Trail Blazers",94,98,-4,192,7,14,21
"6319",2015-12-26,"Brooklyn Nets","Washington Wizards",96,111,-15,207,16,7,23
"6320",2015-12-26,"Milwaukee Bucks","Toronto Raptors",90,111,-21,201,9,9,18
"6321",2015-12-26,"Charlotte Hornets","Memphis Grizzlies",98,92,6,190,7,16,23
"6322",2015-12-26,"Orlando Magic","Miami Heat",101,108,-7,209,9,9,18
"6323",2015-12-26,"New Orleans Pelicans","Houston Rockets",110,108,2,218,8,10,18
"6324",2015-12-26,"Atlanta Hawks","New York Knicks",117,98,19,215,10,12,22
"6325",2015-12-26,"Detroit Pistons","Boston Celtics",93,99,-6,192,18,11,29
"6326",2015-12-26,"Minnesota Timberwolves","Indiana Pacers",88,102,-14,190,9,10,19
"6327",2015-12-26,"Dallas Mavericks","Chicago Bulls",118,111,7,229,16,13,29
"6328",2015-12-26,"San Antonio Spurs","Denver Nuggets",101,86,15,187,10,8,18
"6329",2015-12-26,"Phoenix Suns","Philadelphia 76ers",104,111,-7,215,12,8,20
"6330",2015-12-26,"Utah Jazz","Los Angeles Clippers",104,109,-5,213,8,7,15
"6331",2015-12-26,"Portland Trail Blazers","Cleveland Cavaliers",105,76,29,181,10,9,19
"6332",2015-12-25,"Miami Heat","New Orleans Pelicans",94,88,6,182,11,7,18
"6333",2015-12-25,"Oklahoma City Thunder","Chicago Bulls",96,105,-9,201,18,16,34
"6334",2015-12-25,"Golden State Warriors","Cleveland Cavaliers",89,83,6,172,8,17,25
"6335",2015-12-25,"Houston Rockets","San Antonio Spurs",88,84,4,172,8,14,22
"6336",2015-12-25,"Los Angeles Lakers","Los Angeles Clippers",84,94,-10,178,6,8,14
"6337",2015-12-23,"Charlotte Hornets","Boston Celtics",89,102,-13,191,12,10,22
"6338",2015-12-23,"Cleveland Cavaliers","New York Knicks",91,84,7,175,14,9,23
"6339",2015-12-23,"Indiana Pacers","Sacramento Kings",106,108,-2,214,6,6,12
"6340",2015-12-23,"Orlando Magic","Houston Rockets",104,101,3,205,11,9,20
"6341",2015-12-23,"Washington Wizards","Memphis Grizzlies",100,91,9,191,12,6,18
"6342",2015-12-23,"Brooklyn Nets","Dallas Mavericks",118,119,-1,237,15,5,20
"6343",2015-12-23,"Atlanta Hawks","Detroit Pistons",107,100,7,207,10,13,23
"6344",2015-12-23,"Milwaukee Bucks","Philadelphia 76ers",113,100,13,213,5,13,18
"6345",2015-12-23,"Minnesota Timberwolves","San Antonio Spurs",83,108,-25,191,8,14,22
"6346",2015-12-23,"New Orleans Pelicans","Portland Trail Blazers",115,89,26,204,8,22,30
"6347",2015-12-23,"Phoenix Suns","Denver Nuggets",96,104,-8,200,12,13,25
"6348",2015-12-23,"Golden State Warriors","Utah Jazz",103,85,18,188,9,12,21
"6349",2015-12-23,"Los Angeles Lakers","Oklahoma City Thunder",85,120,-35,205,12,19,31
"6350",2015-12-22,"Philadelphia 76ers","Memphis Grizzlies",90,104,-14,194,10,9,19
"6351",2015-12-22,"Miami Heat","Detroit Pistons",92,93,-1,185,11,12,23
"6352",2015-12-22,"Toronto Raptors","Dallas Mavericks",103,99,4,202,10,4,14
"6353",2015-12-22,"Denver Nuggets","Los Angeles Lakers",107,111,-4,218,13,11,24
"6354",2015-12-21,"Washington Wizards","Sacramento Kings",113,99,14,212,4,13,17
"6355",2015-12-21,"Boston Celtics","Minnesota Timberwolves",113,99,14,212,12,6,18
"6356",2015-12-21,"New York Knicks","Orlando Magic",99,107,-8,206,9,8,17
"6357",2015-12-21,"Atlanta Hawks","Portland Trail Blazers",106,97,9,203,2,14,16
"6358",2015-12-21,"Chicago Bulls","Brooklyn Nets",102,105,-3,207,15,15,30
"6359",2015-12-21,"Houston Rockets","Charlotte Hornets",102,95,7,197,9,9,18
"6360",2015-12-21,"San Antonio Spurs","Indiana Pacers",106,92,14,198,7,13,20
"6361",2015-12-21,"Utah Jazz","Phoenix Suns",110,89,21,199,11,9,20
"6362",2015-12-21,"Los Angeles Clippers","Oklahoma City Thunder",99,100,-1,199,10,10,20
"6363",2015-12-20,"Brooklyn Nets","Minnesota Timberwolves",85,100,-15,185,6,7,13
"6364",2015-12-20,"Miami Heat","Portland Trail Blazers",116,109,7,225,5,10,15
"6365",2015-12-20,"Cleveland Cavaliers","Philadelphia 76ers",108,86,22,194,6,16,22
"6366",2015-12-20,"Phoenix Suns","Milwaukee Bucks",95,101,-6,196,6,6,12
"6367",2015-12-20,"Orlando Magic","Atlanta Hawks",100,103,-3,203,8,8,16
"6368",2015-12-20,"Toronto Raptors","Sacramento Kings",94,104,-10,198,13,5,18
"6369",2015-12-20,"Denver Nuggets","New Orleans Pelicans",125,130,-5,255,13,7,20
"6370",2015-12-19,"Oklahoma City Thunder","Los Angeles Lakers",118,78,40,196,12,8,20
"6371",2015-12-19,"Washington Wizards","Charlotte Hornets",109,101,8,210,5,18,23
"6372",2015-12-19,"New York Knicks","Chicago Bulls",107,91,16,198,10,18,28
"6373",2015-12-19,"Houston Rockets","Los Angeles Clippers",107,97,10,204,13,7,20
"6374",2015-12-19,"Memphis Grizzlies","Indiana Pacers",96,84,12,180,9,13,22
"6375",2015-12-18,"Indiana Pacers","Brooklyn Nets",104,97,7,201,14,9,23
"6376",2015-12-18,"Orlando Magic","Portland Trail Blazers",102,94,8,196,13,7,20
"6377",2015-12-18,"Philadelphia 76ers","New York Knicks",97,107,-10,204,4,14,18
"6378",2015-12-18,"Boston Celtics","Atlanta Hawks",101,109,-8,210,6,9,15
"6379",2015-12-18,"Miami Heat","Toronto Raptors",94,108,-14,202,4,6,10
"6380",2015-12-18,"Chicago Bulls","Detroit Pistons",144,147,-3,291,20,19,39
"6381",2015-12-18,"Minnesota Timberwolves","Sacramento Kings",99,95,4,194,14,8,22
"6382",2015-12-18,"San Antonio Spurs","Los Angeles Clippers",115,107,8,222,10,6,16
"6383",2015-12-18,"Dallas Mavericks","Memphis Grizzlies",97,88,9,185,11,10,21
"6384",2015-12-18,"Utah Jazz","Denver Nuggets",97,88,9,185,5,15,20
"6385",2015-12-18,"Phoenix Suns","New Orleans Pelicans",104,88,16,192,12,10,22
"6386",2015-12-18,"Golden State Warriors","Milwaukee Bucks",121,112,9,233,15,14,29
"6387",2015-12-17,"Charlotte Hornets","Toronto Raptors",109,99,10,208,6,9,15
"6388",2015-12-17,"Cleveland Cavaliers","Oklahoma City Thunder",104,100,4,204,16,9,25
"6389",2015-12-17,"Los Angeles Lakers","Houston Rockets",87,107,-20,194,13,23,36
"6390",2015-12-16,"Indiana Pacers","Dallas Mavericks",107,81,26,188,5,11,16
"6391",2015-12-16,"Orlando Magic","Charlotte Hornets",113,98,15,211,4,7,11
"6392",2015-12-16,"Brooklyn Nets","Miami Heat",98,104,-6,202,10,8,18
"6393",2015-12-16,"Detroit Pistons","Boston Celtics",119,116,3,235,7,10,17
"6394",2015-12-16,"New York Knicks","Minnesota Timberwolves",107,102,5,209,14,16,30
"6395",2015-12-16,"Atlanta Hawks","Philadelphia 76ers",127,106,21,233,2,7,9
"6396",2015-12-16,"Chicago Bulls","Memphis Grizzlies",98,85,13,183,9,5,14
"6397",2015-12-16,"Oklahoma City Thunder","Portland Trail Blazers",106,90,16,196,14,17,31
"6398",2015-12-16,"San Antonio Spurs","Washington Wizards",114,95,19,209,8,10,18
"6399",2015-12-16,"Utah Jazz","New Orleans Pelicans",94,104,-10,198,5,8,13
"6400",2015-12-16,"Golden State Warriors","Phoenix Suns",128,103,25,231,9,7,16
"6401",2015-12-16,"Los Angeles Clippers","Milwaukee Bucks",103,90,13,193,10,15,25
"6402",2015-12-15,"Boston Celtics","Cleveland Cavaliers",77,89,-12,166,12,6,18
"6403",2015-12-15,"Minnesota Timberwolves","Denver Nuggets",100,112,-12,212,10,10,20
"6404",2015-12-15,"Sacramento Kings","Houston Rockets",107,97,10,204,9,7,16
"6405",2015-12-15,"Los Angeles Lakers","Milwaukee Bucks",113,95,18,208,18,12,30
"6406",2015-12-14,"Indiana Pacers","Toronto Raptors",106,90,16,196,10,15,25
"6407",2015-12-14,"Brooklyn Nets","Orlando Magic",82,105,-23,187,9,7,16
"6408",2015-12-14,"Detroit Pistons","Los Angeles Clippers",103,105,-2,208,15,10,25
"6409",2015-12-14,"Atlanta Hawks","Miami Heat",88,100,-12,188,7,15,22
"6410",2015-12-14,"Chicago Bulls","Philadelphia 76ers",115,96,19,211,10,9,19
"6411",2015-12-14,"Memphis Grizzlies","Washington Wizards",112,95,17,207,6,10,16
"6412",2015-12-14,"Dallas Mavericks","Phoenix Suns",104,94,10,198,5,12,17
"6413",2015-12-14,"San Antonio Spurs","Utah Jazz",118,81,37,199,9,7,16
"6414",2015-12-14,"Denver Nuggets","Houston Rockets",114,108,6,222,15,5,20
"6415",2015-12-14,"Portland Trail Blazers","New Orleans Pelicans",105,101,4,206,10,5,15
"6416",2015-12-13,"Phoenix Suns","Minnesota Timberwolves",108,101,7,209,12,9,21
"6417",2015-12-13,"Miami Heat","Memphis Grizzlies",100,97,3,197,7,5,12
"6418",2015-12-13,"Toronto Raptors","Philadelphia 76ers",96,76,20,172,8,15,23
"6419",2015-12-13,"Oklahoma City Thunder","Utah Jazz",104,98,6,202,8,16,24
"6420",2015-12-12,"Brooklyn Nets","Los Angeles Clippers",100,105,-5,205,12,7,19
"6421",2015-12-12,"Charlotte Hornets","Boston Celtics",93,98,-5,191,7,3,10
"6422",2015-12-12,"Detroit Pistons","Indiana Pacers",118,96,22,214,10,5,15
"6423",2015-12-12,"Atlanta Hawks","San Antonio Spurs",78,103,-25,181,7,6,13
"6424",2015-12-12,"Chicago Bulls","New Orleans Pelicans",98,94,4,192,7,5,12
"6425",2015-12-12,"Houston Rockets","Los Angeles Lakers",126,97,29,223,15,11,26
"6426",2015-12-12,"Dallas Mavericks","Washington Wizards",111,114,-3,225,11,4,15
"6427",2015-12-12,"Milwaukee Bucks","Golden State Warriors",108,95,13,203,8,15,23
"6428",2015-12-12,"Portland Trail Blazers","New York Knicks",110,112,-2,222,14,7,21
"6429",2015-12-11,"Indiana Pacers","Miami Heat",96,83,13,179,7,8,15
"6430",2015-12-11,"Orlando Magic","Cleveland Cavaliers",76,111,-35,187,6,9,15
"6431",2015-12-11,"Philadelphia 76ers","Detroit Pistons",95,107,-12,202,13,17,30
"6432",2015-12-11,"Boston Celtics","Golden State Warriors",119,124,-5,243,11,17,28
"6433",2015-12-11,"Toronto Raptors","Milwaukee Bucks",90,83,7,173,7,10,17
"6434",2015-12-11,"Memphis Grizzlies","Charlotte Hornets",99,123,-24,222,11,7,18
"6435",2015-12-11,"New Orleans Pelicans","Washington Wizards",107,105,2,212,7,6,13
"6436",2015-12-11,"Denver Nuggets","Minnesota Timberwolves",111,108,3,219,8,8,16
"6437",2015-12-11,"Utah Jazz","Oklahoma City Thunder",90,94,-4,184,11,11,22
"6438",2015-12-11,"San Antonio Spurs","Los Angeles Lakers",109,87,22,196,11,9,20
"6439",2015-12-11,"Phoenix Suns","Portland Trail Blazers",96,106,-10,202,8,14,22
"6440",2015-12-10,"Brooklyn Nets","Philadelphia 76ers",100,91,9,191,9,13,22
"6441",2015-12-10,"Chicago Bulls","Los Angeles Clippers",83,80,3,163,13,15,28
"6442",2015-12-10,"Oklahoma City Thunder","Atlanta Hawks",107,94,13,201,10,5,15
"6443",2015-12-10,"Sacramento Kings","New York Knicks",99,97,2,196,10,13,23
"6444",2015-12-09,"Boston Celtics","Chicago Bulls",105,100,5,205,13,15,28
"6445",2015-12-09,"Charlotte Hornets","Miami Heat",99,81,18,180,3,7,10
"6446",2015-12-09,"Washington Wizards","Houston Rockets",103,109,-6,212,11,6,17
"6447",2015-12-09,"Detroit Pistons","Memphis Grizzlies",92,93,-1,185,13,16,29
"6448",2015-12-09,"Toronto Raptors","San Antonio Spurs",97,94,3,191,4,13,17
"6449",2015-12-09,"Milwaukee Bucks","Los Angeles Clippers",95,109,-14,204,7,12,19
"6450",2015-12-09,"Minnesota Timberwolves","Los Angeles Lakers",123,122,1,245,14,9,23
"6451",2015-12-09,"Phoenix Suns","Orlando Magic",107,104,3,211,11,5,16
"6452",2015-12-09,"Utah Jazz","New York Knicks",106,85,21,191,9,7,16
"6453",2015-12-09,"Dallas Mavericks","Atlanta Hawks",95,98,-3,193,20,6,26
"6454",2015-12-08,"Cleveland Cavaliers","Portland Trail Blazers",105,100,5,205,6,10,16
"6455",2015-12-08,"Indiana Pacers","Golden State Warriors",123,131,-8,254,16,10,26
"6456",2015-12-08,"Brooklyn Nets","Houston Rockets",110,105,5,215,12,10,22
"6457",2015-12-08,"Memphis Grizzlies","Oklahoma City Thunder",88,125,-37,213,11,10,21
"6458",2015-12-08,"Denver Nuggets","Orlando Magic",74,85,-11,159,10,10,20
"6459",2015-12-08,"Sacramento Kings","Utah Jazz",114,106,8,220,9,19,28
"6460",2015-12-07,"Charlotte Hornets","Detroit Pistons",104,84,20,188,14,7,21
"6461",2015-12-07,"Philadelphia 76ers","San Antonio Spurs",68,119,-51,187,6,7,13
"6462",2015-12-07,"Miami Heat","Washington Wizards",103,114,-11,217,4,12,16
"6463",2015-12-07,"New York Knicks","Dallas Mavericks",97,104,-7,201,3,7,10
"6464",2015-12-07,"Toronto Raptors","Los Angeles Lakers",102,93,9,195,8,14,22
"6465",2015-12-07,"Chicago Bulls","Phoenix Suns",101,103,-2,204,16,10,26
"6466",2015-12-07,"Milwaukee Bucks","Portland Trail Blazers",90,88,2,178,10,15,25
"6467",2015-12-07,"Minnesota Timberwolves","Los Angeles Clippers",106,110,-4,216,11,13,24
"6468",2015-12-07,"New Orleans Pelicans","Boston Celtics",93,111,-18,204,13,10,23
"6469",2015-12-06,"Memphis Grizzlies","Phoenix Suns",95,93,2,188,15,11,26
"6470",2015-12-06,"Brooklyn Nets","Golden State Warriors",98,114,-16,212,11,10,21
"6471",2015-12-06,"Detroit Pistons","Los Angeles Lakers",111,91,20,202,17,8,25
"6472",2015-12-06,"Washington Wizards","Dallas Mavericks",104,116,-12,220,6,6,12
"6473",2015-12-06,"Oklahoma City Thunder","Sacramento Kings",98,95,3,193,19,13,32
"6474",2015-12-05,"Philadelphia 76ers","Denver Nuggets",105,108,-3,213,7,13,20
"6475",2015-12-05,"Toronto Raptors","Golden State Warriors",109,112,-3,221,11,8,19
"6476",2015-12-05,"Miami Heat","Cleveland Cavaliers",99,84,15,183,3,11,14
"6477",2015-12-05,"Chicago Bulls","Charlotte Hornets",96,102,-6,198,12,13,25
"6478",2015-12-05,"Houston Rockets","Sacramento Kings",120,113,7,233,13,13,26
"6479",2015-12-05,"Minnesota Timberwolves","Portland Trail Blazers",103,109,-6,212,13,8,21
"6480",2015-12-05,"Milwaukee Bucks","New York Knicks",106,91,15,197,13,6,19
"6481",2015-12-05,"San Antonio Spurs","Boston Celtics",108,105,3,213,11,11,22
"6482",2015-12-05,"Utah Jazz","Indiana Pacers",122,119,3,241,19,12,31
"6483",2015-12-05,"Los Angeles Clippers","Orlando Magic",103,101,2,204,10,15,25
"6484",2015-12-04,"New York Knicks","Brooklyn Nets",108,91,17,199,8,13,21
"6485",2015-12-04,"Washington Wizards","Phoenix Suns",109,106,3,215,15,12,27
"6486",2015-12-04,"Detroit Pistons","Milwaukee Bucks",102,95,7,197,8,9,17
"6487",2015-12-04,"Atlanta Hawks","Los Angeles Lakers",100,87,13,187,9,15,24
"6488",2015-12-04,"Dallas Mavericks","Houston Rockets",96,100,-4,196,11,15,26
"6489",2015-12-04,"New Orleans Pelicans","Cleveland Cavaliers",114,108,6,222,11,12,23
"6490",2015-12-03,"Miami Heat","Oklahoma City Thunder",97,95,2,192,6,9,15
"6491",2015-12-03,"Toronto Raptors","Denver Nuggets",105,106,-1,211,9,6,15
"6492",2015-12-03,"Utah Jazz","Orlando Magic",94,103,-9,197,5,9,14
"6493",2015-12-03,"Memphis Grizzlies","San Antonio Spurs",83,103,-20,186,9,10,19
"6494",2015-12-03,"Portland Trail Blazers","Indiana Pacers",123,111,12,234,15,15,30
"6495",2015-12-03,"Sacramento Kings","Boston Celtics",97,114,-17,211,9,6,15
"6496",2015-12-02,"Charlotte Hornets","Golden State Warriors",99,116,-17,215,13,11,24
"6497",2015-12-02,"Washington Wizards","Los Angeles Lakers",104,108,-4,212,8,16,24
"6498",2015-12-02,"Detroit Pistons","Phoenix Suns",127,122,5,249,13,10,23
"6499",2015-12-02,"New York Knicks","Philadelphia 76ers",99,87,12,186,8,7,15
"6500",2015-12-02,"Atlanta Hawks","Toronto Raptors",86,96,-10,182,13,8,21
"6501",2015-12-02,"Chicago Bulls","Denver Nuggets",99,90,9,189,15,13,28
"6502",2015-12-02,"Houston Rockets","New Orleans Pelicans",108,101,7,209,9,16,25
"6503",2015-12-02,"San Antonio Spurs","Milwaukee Bucks",95,70,25,165,11,6,17
"6504",2015-12-02,"Los Angeles Clippers","Indiana Pacers",91,103,-12,194,10,9,19
"6505",2015-12-01,"Cleveland Cavaliers","Washington Wizards",85,97,-12,182,10,2,12
"6506",2015-12-01,"Philadelphia 76ers","Los Angeles Lakers",103,91,12,194,10,12,22
"6507",2015-12-01,"Brooklyn Nets","Phoenix Suns",94,91,3,185,6,4,10
"6508",2015-12-01,"Minnesota Timberwolves","Orlando Magic",93,96,-3,189,12,11,23
"6509",2015-12-01,"New Orleans Pelicans","Memphis Grizzlies",104,113,-9,217,9,13,22
"6510",2015-12-01,"Portland Trail Blazers","Dallas Mavericks",112,115,-3,227,13,12,25
"6511",2015-11-30,"Detroit Pistons","Houston Rockets",116,105,11,221,14,16,30
"6512",2015-11-30,"Miami Heat","Boston Celtics",95,105,-10,200,11,12,23
"6513",2015-11-30,"Atlanta Hawks","Oklahoma City Thunder",106,100,6,206,14,13,27
"6514",2015-11-30,"Chicago Bulls","San Antonio Spurs",92,89,3,181,12,12,24
"6515",2015-11-30,"Milwaukee Bucks","Denver Nuggets",92,74,18,166,8,10,18
"6516",2015-11-30,"Utah Jazz","Golden State Warriors",103,106,-3,209,10,14,24
"6517",2015-11-30,"Sacramento Kings","Dallas Mavericks",112,98,14,210,9,9,18
"6518",2015-11-30,"Los Angeles Clippers","Portland Trail Blazers",102,87,15,189,18,13,31
"6519",2015-11-29,"Charlotte Hornets","Milwaukee Bucks",87,82,5,169,7,13,20
"6520",2015-11-29,"Los Angeles Clippers","Minnesota Timberwolves",107,99,8,206,7,7,14
"6521",2015-11-29,"Brooklyn Nets","Detroit Pistons",87,83,4,170,7,19,26
"6522",2015-11-29,"Orlando Magic","Boston Celtics",110,91,19,201,17,9,26
"6523",2015-11-29,"Toronto Raptors","Phoenix Suns",102,107,-5,209,8,13,21
"6524",2015-11-29,"Memphis Grizzlies","Philadelphia 76ers",92,84,8,176,15,8,23
"6525",2015-11-29,"New York Knicks","Houston Rockets",111,116,-5,227,5,17,22
"6526",2015-11-29,"Los Angeles Lakers","Indiana Pacers",103,107,-4,210,15,9,24
"6527",2015-11-28,"Washington Wizards","Toronto Raptors",82,84,-2,166,10,6,16
"6528",2015-11-28,"Cleveland Cavaliers","Brooklyn Nets",90,88,2,178,12,8,20
"6529",2015-11-28,"Dallas Mavericks","Denver Nuggets",92,81,11,173,10,10,20
"6530",2015-11-28,"San Antonio Spurs","Atlanta Hawks",108,88,20,196,12,12,24
"6531",2015-11-28,"Utah Jazz","New Orleans Pelicans",101,87,14,188,12,4,16
"6532",2015-11-28,"Portland Trail Blazers","Los Angeles Lakers",108,96,12,204,12,6,18
"6533",2015-11-28,"Golden State Warriors","Sacramento Kings",120,101,19,221,13,19,32
"6534",2015-11-27,"Charlotte Hornets","Cleveland Cavaliers",90,95,-5,185,7,12,19
"6535",2015-11-27,"Orlando Magic","Milwaukee Bucks",114,90,24,204,8,6,14
"6536",2015-11-27,"Boston Celtics","Washington Wizards",111,78,33,189,19,13,32
"6537",2015-11-27,"New York Knicks","Miami Heat",78,97,-19,175,7,8,15
"6538",2015-11-27,"Indiana Pacers","Chicago Bulls",104,92,12,196,8,9,17
"6539",2015-11-27,"Houston Rockets","Philadelphia 76ers",116,114,2,230,10,8,18
"6540",2015-11-27,"Memphis Grizzlies","Atlanta Hawks",101,116,-15,217,5,6,11
"6541",2015-11-27,"Oklahoma City Thunder","Detroit Pistons",103,87,16,190,12,13,25
"6542",2015-11-27,"Denver Nuggets","San Antonio Spurs",80,91,-11,171,8,5,13
"6543",2015-11-27,"Phoenix Suns","Golden State Warriors",116,135,-19,251,7,11,18
"6544",2015-11-27,"Sacramento Kings","Minnesota Timberwolves",91,101,-10,192,12,12,24
"6545",2015-11-27,"Los Angeles Clippers","New Orleans Pelicans",111,90,21,201,5,15,20
"6546",2015-11-25,"Charlotte Hornets","Washington Wizards",101,87,14,188,9,11,20
"6547",2015-11-25,"Orlando Magic","New York Knicks",100,91,9,191,15,12,27
"6548",2015-11-25,"Boston Celtics","Philadelphia 76ers",84,80,4,164,11,7,18
"6549",2015-11-25,"Detroit Pistons","Miami Heat",104,81,23,185,18,10,28
"6550",2015-11-25,"Toronto Raptors","Cleveland Cavaliers",103,99,4,202,6,9,15
"6551",2015-11-25,"Houston Rockets","Memphis Grizzlies",93,102,-9,195,6,9,15
"6552",2015-11-25,"Milwaukee Bucks","Sacramento Kings",118,129,-11,247,10,7,17
"6553",2015-11-25,"Minnesota Timberwolves","Atlanta Hawks",99,95,4,194,7,15,22
"6554",2015-11-25,"Oklahoma City Thunder","Brooklyn Nets",110,99,11,209,4,11,15
"6555",2015-11-25,"San Antonio Spurs","Dallas Mavericks",88,83,5,171,12,9,21
"6556",2015-11-25,"Phoenix Suns","New Orleans Pelicans",114,120,-6,234,11,5,16
"6557",2015-11-25,"Los Angeles Clippers","Utah Jazz",91,102,-11,193,11,11,22
"6558",2015-11-24,"Washington Wizards","Indiana Pacers",106,123,-17,229,10,7,17
"6559",2015-11-24,"Atlanta Hawks","Boston Celtics",121,97,24,218,6,10,16
"6560",2015-11-24,"Memphis Grizzlies","Dallas Mavericks",110,96,14,206,5,4,9
"6561",2015-11-24,"Denver Nuggets","Los Angeles Clippers",94,111,-17,205,8,11,19
"6562",2015-11-24,"Portland Trail Blazers","Chicago Bulls",88,93,-5,181,16,6,22
"6563",2015-11-24,"Golden State Warriors","Los Angeles Lakers",111,77,34,188,12,8,20
"6564",2015-11-23,"Charlotte Hornets","Sacramento Kings",127,122,5,249,8,8,16
"6565",2015-11-23,"Cleveland Cavaliers","Orlando Magic",117,103,14,220,8,9,17
"6566",2015-11-23,"Miami Heat","New York Knicks",95,78,17,173,16,15,31
"6567",2015-11-23,"Milwaukee Bucks","Detroit Pistons",109,88,21,197,12,22,34
"6568",2015-11-23,"Minnesota Timberwolves","Philadelphia 76ers",100,95,5,195,8,11,19
"6569",2015-11-23,"San Antonio Spurs","Phoenix Suns",98,84,14,182,11,9,20
"6570",2015-11-23,"Utah Jazz","Oklahoma City Thunder",89,111,-22,200,13,6,19
"6571",2015-11-22,"Los Angeles Clippers","Toronto Raptors",80,91,-11,171,12,14,26
"6572",2015-11-22,"Brooklyn Nets","Boston Celtics",111,101,10,212,14,10,24
"6573",2015-11-22,"New Orleans Pelicans","Phoenix Suns",122,116,6,238,10,11,21
"6574",2015-11-22,"Oklahoma City Thunder","Dallas Mavericks",117,114,3,231,14,9,23
"6575",2015-11-22,"Denver Nuggets","Golden State Warriors",105,118,-13,223,13,11,24
"6576",2015-11-22,"Los Angeles Lakers","Portland Trail Blazers",93,107,-14,200,15,7,22
"6577",2015-11-21,"Orlando Magic","Sacramento Kings",91,97,-6,188,15,10,25
"6578",2015-11-21,"Indiana Pacers","Milwaukee Bucks",123,86,37,209,11,13,24
"6579",2015-11-21,"Cleveland Cavaliers","Atlanta Hawks",109,97,12,206,11,12,23
"6580",2015-11-21,"Detroit Pistons","Washington Wizards",95,97,-2,192,8,9,17
"6581",2015-11-21,"Miami Heat","Philadelphia 76ers",96,91,5,187,9,10,19
"6582",2015-11-21,"Houston Rockets","New York Knicks",102,107,-5,209,16,19,35
"6583",2015-11-21,"San Antonio Spurs","Memphis Grizzlies",92,82,10,174,7,7,14
"6584",2015-11-20,"Charlotte Hornets","Philadelphia 76ers",113,88,25,201,5,9,14
"6585",2015-11-20,"Boston Celtics","Brooklyn Nets",120,95,25,215,7,14,21
"6586",2015-11-20,"Memphis Grizzlies","Houston Rockets",96,84,12,180,8,9,17
"6587",2015-11-20,"Minnesota Timberwolves","Detroit Pistons",86,96,-10,182,6,8,14
"6588",2015-11-20,"New Orleans Pelicans","San Antonio Spurs",104,90,14,194,7,5,12
"6589",2015-11-20,"Oklahoma City Thunder","New York Knicks",90,93,-3,183,21,6,27
"6590",2015-11-20,"Dallas Mavericks","Utah Jazz",102,93,9,195,8,18,26
"6591",2015-11-20,"Denver Nuggets","Phoenix Suns",107,114,-7,221,14,10,24
"6592",2015-11-20,"Portland Trail Blazers","Los Angeles Clippers",102,91,11,193,17,10,27
"6593",2015-11-20,"Golden State Warriors","Chicago Bulls",106,94,12,200,11,15,26
"6594",2015-11-20,"Los Angeles Lakers","Toronto Raptors",91,102,-11,193,9,12,21
"6595",2015-11-19,"Miami Heat","Sacramento Kings",116,109,7,225,12,9,21
"6596",2015-11-19,"Cleveland Cavaliers","Milwaukee Bucks",115,100,15,215,13,6,19
"6597",2015-11-19,"Los Angeles Clippers","Golden State Warriors",117,124,-7,241,9,8,17
"6598",2015-11-18,"Charlotte Hornets","Brooklyn Nets",116,111,5,227,9,5,14
"6599",2015-11-18,"Orlando Magic","Minnesota Timberwolves",104,101,3,205,20,11,31
"6600",2015-11-18,"Philadelphia 76ers","Indiana Pacers",85,112,-27,197,7,16,23
"6601",2015-11-18,"Boston Celtics","Dallas Mavericks",102,106,-4,208,14,7,21
"6602",2015-11-18,"Atlanta Hawks","Sacramento Kings",103,97,6,200,12,13,25
"6603",2015-11-18,"Houston Rockets","Portland Trail Blazers",108,103,5,211,13,10,23
"6604",2015-11-18,"Oklahoma City Thunder","New Orleans Pelicans",110,103,7,213,16,10,26
"6605",2015-11-18,"San Antonio Spurs","Denver Nuggets",109,98,11,207,10,17,27
"6606",2015-11-18,"Utah Jazz","Toronto Raptors",93,89,4,182,7,9,16
"6607",2015-11-18,"Phoenix Suns","Chicago Bulls",97,103,-6,200,14,11,25
"6608",2015-11-17,"Washington Wizards","Milwaukee Bucks",115,86,29,201,6,6,12
"6609",2015-11-17,"Brooklyn Nets","Atlanta Hawks",90,88,2,178,9,8,17
"6610",2015-11-17,"Detroit Pistons","Cleveland Cavaliers",104,99,5,203,11,3,14
"6611",2015-11-17,"Miami Heat","Minnesota Timberwolves",91,103,-12,194,10,15,25
"6612",2015-11-17,"New York Knicks","Charlotte Hornets",102,94,8,196,10,8,18
"6613",2015-11-17,"New Orleans Pelicans","Denver Nuggets",98,115,-17,213,8,11,19
"6614",2015-11-17,"Golden State Warriors","Toronto Raptors",115,110,5,225,9,12,21
"6615",2015-11-16,"Philadelphia 76ers","Dallas Mavericks",86,92,-6,178,8,6,14
"6616",2015-11-16,"Chicago Bulls","Indiana Pacers",96,95,1,191,10,11,21
"6617",2015-11-16,"Houston Rockets","Boston Celtics",95,111,-16,206,14,16,30
"6618",2015-11-16,"Memphis Grizzlies","Oklahoma City Thunder",122,114,8,236,12,12,24
"6619",2015-11-16,"San Antonio Spurs","Portland Trail Blazers",93,80,13,173,12,4,16
"6620",2015-11-16,"Phoenix Suns","Los Angeles Lakers",120,101,19,221,18,7,25
"6621",2015-11-15,"New York Knicks","New Orleans Pelicans",95,87,8,182,10,4,14
"6622",2015-11-15,"Minnesota Timberwolves","Memphis Grizzlies",106,114,-8,220,9,4,13
"6623",2015-11-15,"Charlotte Hornets","Portland Trail Blazers",106,94,12,200,7,16,23
"6624",2015-11-15,"Atlanta Hawks","Utah Jazz",96,97,-1,193,8,10,18
"6625",2015-11-15,"Oklahoma City Thunder","Boston Celtics",85,100,-15,185,10,12,22
"6626",2015-11-15,"Sacramento Kings","Toronto Raptors",107,101,6,208,9,7,16
"6627",2015-11-15,"Los Angeles Lakers","Detroit Pistons",97,85,12,182,7,12,19
"6628",2015-11-14,"Los Angeles Clippers","Detroit Pistons",101,96,5,197,11,11,22
"6629",2015-11-14,"Washington Wizards","Orlando Magic",108,99,9,207,7,6,13
"6630",2015-11-14,"Houston Rockets","Dallas Mavericks",98,110,-12,208,12,8,20
"6631",2015-11-14,"Milwaukee Bucks","Cleveland Cavaliers",108,105,3,213,15,14,29
"6632",2015-11-14,"San Antonio Spurs","Philadelphia 76ers",92,83,9,175,12,6,18
"6633",2015-11-14,"Phoenix Suns","Denver Nuggets",105,81,24,186,10,9,19
"6634",2015-11-14,"Golden State Warriors","Brooklyn Nets",107,99,8,206,11,11,22
"6635",2015-11-13,"Indiana Pacers","Minnesota Timberwolves",107,103,4,210,12,8,20
"6636",2015-11-13,"Orlando Magic","Utah Jazz",102,93,9,195,10,12,22
"6637",2015-11-13,"Boston Celtics","Atlanta Hawks",106,93,13,199,17,5,22
"6638",2015-11-13,"New York Knicks","Cleveland Cavaliers",84,90,-6,174,10,12,22
"6639",2015-11-13,"Toronto Raptors","New Orleans Pelicans",100,81,19,181,13,10,23
"6640",2015-11-13,"Chicago Bulls","Charlotte Hornets",102,97,5,199,10,9,19
"6641",2015-11-13,"Memphis Grizzlies","Portland Trail Blazers",101,100,1,201,14,10,24
"6642",2015-11-13,"Oklahoma City Thunder","Philadelphia 76ers",102,85,17,187,16,12,28
"6643",2015-11-13,"Dallas Mavericks","Los Angeles Lakers",90,82,8,172,7,15,22
"6644",2015-11-13,"Denver Nuggets","Houston Rockets",107,98,9,205,12,8,20
"6645",2015-11-13,"Sacramento Kings","Brooklyn Nets",111,109,2,220,15,9,24
"6646",2015-11-12,"Miami Heat","Utah Jazz",92,91,1,183,8,11,19
"6647",2015-11-12,"Minnesota Timberwolves","Golden State Warriors",116,129,-13,245,15,6,21
"6648",2015-11-12,"Phoenix Suns","Los Angeles Clippers",118,104,14,222,9,12,21
"6649",2015-11-11,"Charlotte Hornets","New York Knicks",95,93,2,188,7,11,18
"6650",2015-11-11,"Orlando Magic","Los Angeles Lakers",101,99,2,200,23,7,30
"6651",2015-11-11,"Philadelphia 76ers","Toronto Raptors",103,119,-16,222,11,17,28
"6652",2015-11-11,"Boston Celtics","Indiana Pacers",91,102,-11,193,8,10,18
"6653",2015-11-11,"Atlanta Hawks","New Orleans Pelicans",106,98,8,204,8,8,16
"6654",2015-11-11,"Dallas Mavericks","Los Angeles Clippers",118,108,10,226,8,13,21
"6655",2015-11-11,"Houston Rockets","Brooklyn Nets",98,106,-8,204,13,20,33
"6656",2015-11-11,"Memphis Grizzlies","Golden State Warriors",84,100,-16,184,10,7,17
"6657",2015-11-11,"Denver Nuggets","Milwaukee Bucks",103,102,1,205,14,8,22
"6658",2015-11-11,"Sacramento Kings","Detroit Pistons",101,92,9,193,7,14,21
"6659",2015-11-11,"Portland Trail Blazers","San Antonio Spurs",101,113,-12,214,10,8,18
"6660",2015-11-10,"Cleveland Cavaliers","Utah Jazz",118,114,4,232,11,13,24
"6661",2015-11-10,"Washington Wizards","Oklahoma City Thunder",101,125,-24,226,12,10,22
"6662",2015-11-10,"Miami Heat","Los Angeles Lakers",101,88,13,189,15,5,20
"6663",2015-11-10,"Toronto Raptors","New York Knicks",109,111,-2,220,14,13,27
"6664",2015-11-10,"Milwaukee Bucks","Boston Celtics",83,99,-16,182,9,14,23
"6665",2015-11-10,"Minnesota Timberwolves","Charlotte Hornets",95,104,-9,199,10,4,14
"6666",2015-11-10,"New Orleans Pelicans","Dallas Mavericks",120,105,15,225,9,8,17
"6667",2015-11-09,"Indiana Pacers","Orlando Magic",97,84,13,181,6,7,13
"6668",2015-11-09,"Philadelphia 76ers","Chicago Bulls",88,111,-23,199,15,13,28
"6669",2015-11-09,"Atlanta Hawks","Minnesota Timberwolves",107,117,-10,224,4,8,12
"6670",2015-11-09,"Denver Nuggets","Portland Trail Blazers",108,104,4,212,8,10,18
"6671",2015-11-09,"Sacramento Kings","San Antonio Spurs",88,106,-18,194,11,8,19
"6672",2015-11-09,"Golden State Warriors","Detroit Pistons",109,95,14,204,13,12,25
"6673",2015-11-09,"Los Angeles Clippers","Memphis Grizzlies",94,92,2,186,8,10,18
"6674",2015-11-08,"Cleveland Cavaliers","Indiana Pacers",101,97,4,198,11,12,23
"6675",2015-11-08,"New York Knicks","Los Angeles Lakers",99,95,4,194,10,12,22
"6676",2015-11-08,"Miami Heat","Toronto Raptors",96,76,20,172,13,7,20
"6677",2015-11-08,"Oklahoma City Thunder","Phoenix Suns",124,103,21,227,17,7,24
"6678",2015-11-08,"Portland Trail Blazers","Detroit Pistons",103,120,-17,223,7,18,25
"6679",2015-11-07,"Chicago Bulls","Minnesota Timberwolves",93,102,-9,195,10,14,24
"6680",2015-11-07,"Philadelphia 76ers","Orlando Magic",97,105,-8,202,10,10,20
"6681",2015-11-07,"Atlanta Hawks","Washington Wizards",114,99,15,213,10,8,18
"6682",2015-11-07,"Dallas Mavericks","New Orleans Pelicans",107,98,9,205,6,7,13
"6683",2015-11-07,"Milwaukee Bucks","Brooklyn Nets",94,86,8,180,10,17,27
"6684",2015-11-07,"San Antonio Spurs","Charlotte Hornets",114,94,20,208,6,6,12
"6685",2015-11-07,"Utah Jazz","Memphis Grizzlies",89,79,10,168,9,13,22
"6686",2015-11-07,"Sacramento Kings","Golden State Warriors",94,103,-9,197,13,15,28
"6687",2015-11-07,"Los Angeles Clippers","Houston Rockets",105,109,-4,214,11,11,22
"6688",2015-11-06,"Orlando Magic","Toronto Raptors",92,87,5,179,6,15,21
"6689",2015-11-06,"Boston Celtics","Washington Wizards",118,98,20,216,15,10,25
"6690",2015-11-06,"Brooklyn Nets","Los Angeles Lakers",98,104,-6,202,14,5,19
"6691",2015-11-06,"Cleveland Cavaliers","Philadelphia 76ers",108,102,6,210,11,7,18
"6692",2015-11-06,"New York Knicks","Milwaukee Bucks",92,99,-7,191,14,13,27
"6693",2015-11-06,"Indiana Pacers","Miami Heat",90,87,3,177,9,7,16
"6694",2015-11-06,"New Orleans Pelicans","Atlanta Hawks",115,121,-6,236,6,6,12
"6695",2015-11-06,"Phoenix Suns","Detroit Pistons",92,100,-8,192,11,6,17
"6696",2015-11-06,"Golden State Warriors","Denver Nuggets",119,104,15,223,13,10,23
"6697",2015-11-06,"Sacramento Kings","Houston Rockets",110,116,-6,226,14,14,28
"6698",2015-11-05,"Chicago Bulls","Oklahoma City Thunder",104,98,6,202,11,9,20
"6699",2015-11-05,"Minnesota Timberwolves","Miami Heat",84,96,-12,180,10,7,17
"6700",2015-11-05,"Dallas Mavericks","Charlotte Hornets",94,108,-14,202,8,8,16
"6701",2015-11-05,"Denver Nuggets","Utah Jazz",84,96,-12,180,11,12,23
"6702",2015-11-05,"Portland Trail Blazers","Memphis Grizzlies",115,96,19,211,14,7,21
"6703",2015-11-04,"Indiana Pacers","Boston Celtics",100,98,2,198,21,15,36
"6704",2015-11-04,"Washington Wizards","San Antonio Spurs",102,99,3,201,4,9,13
"6705",2015-11-04,"Atlanta Hawks","Brooklyn Nets",101,87,14,188,6,14,20
"6706",2015-11-04,"Cleveland Cavaliers","New York Knicks",96,86,10,182,9,9,18
"6707",2015-11-04,"Houston Rockets","Orlando Magic",119,114,5,233,16,9,25
"6708",2015-11-04,"Milwaukee Bucks","Philadelphia 76ers",91,87,4,178,8,12,20
"6709",2015-11-04,"Oklahoma City Thunder","Toronto Raptors",98,103,-5,201,11,12,23
"6710",2015-11-04,"Phoenix Suns","Sacramento Kings",118,97,21,215,9,7,16
"6711",2015-11-04,"Utah Jazz","Portland Trail Blazers",92,108,-16,200,16,13,29
"6712",2015-11-04,"Golden State Warriors","Los Angeles Clippers",112,108,4,220,9,10,19
"6713",2015-11-03,"Charlotte Hornets","Chicago Bulls",130,105,25,235,12,4,16
"6714",2015-11-03,"Detroit Pistons","Indiana Pacers",82,94,-12,176,19,12,31
"6715",2015-11-03,"Miami Heat","Atlanta Hawks",92,98,-6,190,13,16,29
"6716",2015-11-03,"New Orleans Pelicans","Orlando Magic",94,103,-9,197,10,10,20
"6717",2015-11-03,"Dallas Mavericks","Toronto Raptors",91,102,-11,193,14,10,24
"6718",2015-11-03,"Sacramento Kings","Memphis Grizzlies",89,103,-14,192,8,12,20
"6719",2015-11-03,"Los Angeles Lakers","Denver Nuggets",109,120,-11,229,11,11,22
"6720",2015-11-02,"Philadelphia 76ers","Cleveland Cavaliers",100,107,-7,207,9,7,16
"6721",2015-11-02,"Brooklyn Nets","Milwaukee Bucks",96,103,-7,199,10,8,18
"6722",2015-11-02,"New York Knicks","San Antonio Spurs",84,94,-10,178,17,8,25
"6723",2015-11-02,"Houston Rockets","Oklahoma City Thunder",110,105,5,215,7,14,21
"6724",2015-11-02,"Minnesota Timberwolves","Portland Trail Blazers",101,106,-5,207,8,11,19
"6725",2015-11-02,"Golden State Warriors","Memphis Grizzlies",119,69,50,188,10,11,21
"6726",2015-11-02,"Los Angeles Clippers","Phoenix Suns",102,96,6,198,3,16,19
"6727",2015-11-01,"Charlotte Hornets","Atlanta Hawks",92,94,-2,186,9,9,18
"6728",2015-11-01,"Boston Celtics","San Antonio Spurs",87,95,-8,182,16,10,26
"6729",2015-11-01,"Miami Heat","Houston Rockets",109,89,20,198,11,3,14
"6730",2015-11-01,"Toronto Raptors","Milwaukee Bucks",106,87,19,193,18,7,25
"6731",2015-11-01,"Chicago Bulls","Orlando Magic",92,87,5,179,11,12,23
"6732",2015-11-01,"Oklahoma City Thunder","Denver Nuggets",117,93,24,210,13,14,27
"6733",2015-11-01,"Los Angeles Lakers","Dallas Mavericks",93,103,-10,196,8,8,16
"6734",2015-10-31,"Indiana Pacers","Utah Jazz",76,97,-21,173,7,15,22
"6735",2015-10-31,"Washington Wizards","New York Knicks",110,117,-7,227,11,9,20
"6736",2015-10-31,"New Orleans Pelicans","Golden State Warriors",120,134,-14,254,16,3,19
"6737",2015-10-31,"Memphis Grizzlies","Brooklyn Nets",101,91,10,192,11,8,19
"6738",2015-10-31,"Portland Trail Blazers","Phoenix Suns",90,101,-11,191,10,11,21
"6739",2015-10-31,"Los Angeles Clippers","Sacramento Kings",114,109,5,223,6,19,25
"6740",2015-10-30,"Cleveland Cavaliers","Miami Heat",102,92,10,194,14,6,20
"6741",2015-10-30,"Orlando Magic","Oklahoma City Thunder",136,139,-3,275,14,22,36
"6742",2015-10-30,"Philadelphia 76ers","Utah Jazz",71,99,-28,170,8,13,21
"6743",2015-10-30,"Boston Celtics","Toronto Raptors",103,113,-10,216,7,9,16
"6744",2015-10-30,"Detroit Pistons","Chicago Bulls",98,94,4,192,20,8,28
"6745",2015-10-30,"Atlanta Hawks","Charlotte Hornets",97,94,3,191,8,13,21
"6746",2015-10-30,"Milwaukee Bucks","Washington Wizards",113,118,-5,231,6,8,14
"6747",2015-10-30,"San Antonio Spurs","Brooklyn Nets",102,75,27,177,12,2,14
"6748",2015-10-30,"Denver Nuggets","Minnesota Timberwolves",78,95,-17,173,17,7,24
"6749",2015-10-30,"Houston Rockets","Golden State Warriors",92,112,-20,204,12,11,23
"6750",2015-10-30,"Sacramento Kings","Los Angeles Lakers",132,114,18,246,16,8,24
"6751",2015-10-30,"Phoenix Suns","Portland Trail Blazers",110,92,18,202,11,11,22
"6752",2015-10-29,"Indiana Pacers","Memphis Grizzlies",103,112,-9,215,10,12,22
"6753",2015-10-29,"New York Knicks","Atlanta Hawks",101,112,-11,213,16,7,23
"6754",2015-10-29,"Los Angeles Clippers","Dallas Mavericks",104,88,16,192,8,14,22
"6755",2015-10-28,"Orlando Magic","Washington Wizards",87,88,-1,175,17,15,32
"6756",2015-10-28,"Boston Celtics","Philadelphia 76ers",112,95,17,207,10,14,24
"6757",2015-10-28,"Brooklyn Nets","Chicago Bulls",100,115,-15,215,16,5,21
"6758",2015-10-28,"Detroit Pistons","Utah Jazz",92,87,5,179,8,4,12
"6759",2015-10-28,"Miami Heat","Charlotte Hornets",104,94,10,198,2,11,13
"6760",2015-10-28,"Toronto Raptors","Indiana Pacers",106,99,7,205,9,8,17
"6761",2015-10-28,"Houston Rockets","Denver Nuggets",85,105,-20,190,15,9,24
"6762",2015-10-28,"Memphis Grizzlies","Cleveland Cavaliers",76,106,-30,182,11,12,23
"6763",2015-10-28,"Milwaukee Bucks","New York Knicks",97,122,-25,219,18,19,37
"6764",2015-10-28,"Oklahoma City Thunder","San Antonio Spurs",112,106,6,218,11,7,18
"6765",2015-10-28,"Phoenix Suns","Dallas Mavericks",95,111,-16,206,13,6,19
"6766",2015-10-28,"Portland Trail Blazers","New Orleans Pelicans",112,94,18,206,6,5,11
"6767",2015-10-28,"Sacramento Kings","Los Angeles Clippers",104,111,-7,215,12,6,18
"6768",2015-10-28,"Los Angeles Lakers","Minnesota Timberwolves",111,112,-1,223,12,6,18
"6769",2015-10-27,"Atlanta Hawks","Detroit Pistons",94,106,-12,200,7,23,30
"6770",2015-10-27,"Chicago Bulls","Cleveland Cavaliers",97,95,2,192,7,11,18
"6771",2015-10-27,"Golden State Warriors","New Orleans Pelicans",111,95,16,206,21,8,29
"6772",2015-10-23,"Orlando Magic","Memphis Grizzlies",86,76,10,162,16,14,30
"6773",2015-10-23,"Boston Celtics","Philadelphia 76ers",81,65,16,146,18,9,27
"6774",2015-10-23,"Toronto Raptors","Washington Wizards",92,82,10,174,18,10,28
"6775",2015-10-23,"Detroit Pistons","Atlanta Hawks",115,87,28,202,10,10,20
"6776",2015-10-23,"Chicago Bulls","Dallas Mavericks",103,102,1,205,8,7,15
"6777",2015-10-23,"New Orleans Pelicans","Miami Heat",93,90,3,183,11,7,18
"6778",2015-10-23,"Minnesota Timberwolves","Milwaukee Bucks",112,108,4,220,9,8,17
"6779",2015-10-23,"San Antonio Spurs","Houston Rockets",111,86,25,197,7,8,15
"6780",2015-10-22,"Indiana Pacers","Charlotte Hornets",98,86,12,184,10,10,20
"6781",2015-10-22,"Boston Celtics","New York Knicks",99,85,14,184,14,10,24
"6782",2015-10-22,"Utah Jazz","Denver Nuggets",98,78,20,176,3,9,12
"6783",2015-10-22,"Los Angeles Lakers","Golden State Warriors",97,136,-39,233,7,14,21
"6784",2015-10-22,"Los Angeles Clippers","Portland Trail Blazers",115,109,6,224,8,7,15
"6785",2015-10-21,"Orlando Magic","New Orleans Pelicans",110,107,3,217,15,5,20
"6786",2015-10-21,"Detroit Pistons","Charlotte Hornets",94,99,-5,193,9,6,15
"6787",2015-10-21,"Atlanta Hawks","Memphis Grizzlies",81,82,-1,163,9,13,22
"6788",2015-10-21,"Miami Heat","Washington Wizards",110,105,5,215,10,12,22
"6789",2015-10-21,"Dallas Mavericks","Phoenix Suns",87,99,-12,186,16,12,28
"6790",2015-10-20,"Chicago Bulls","Indiana Pacers",103,94,9,197,8,12,20
"6791",2015-10-20,"Milwaukee Bucks","Minnesota Timberwolves",106,88,18,194,12,8,20
"6792",2015-10-20,"San Antonio Spurs","Phoenix Suns",84,104,-20,188,9,9,18
"6793",2015-10-20,"Utah Jazz","Oklahoma City Thunder",102,113,-11,215,5,8,13
"6794",2015-10-20,"Los Angeles Clippers","Golden State Warriors",130,95,35,225,7,9,16
"6795",2015-10-19,"Charlotte Hornets","Chicago Bulls",94,86,8,180,7,13,20
"6796",2015-10-19,"Cleveland Cavaliers","Dallas Mavericks",103,97,6,200,14,7,21
"6797",2015-10-19,"Boston Celtics","Brooklyn Nets",111,105,6,216,12,11,23
"6798",2015-10-19,"Houston Rockets","New Orleans Pelicans",120,100,20,220,13,12,25
"6799",2015-10-19,"Los Angeles Lakers","Portland Trail Blazers",104,102,2,206,10,10,20
"6800",2015-10-18,"Brooklyn Nets","Philadelphia 76ers",92,91,1,183,6,9,15
"6801",2015-10-18,"San Antonio Spurs","Detroit Pistons",96,92,4,188,6,7,13
"6802",2015-10-18,"Memphis Grizzlies","Minnesota Timberwolves",90,68,22,158,11,11,22
"6803",2015-10-18,"Toronto Raptors","Cleveland Cavaliers",87,81,6,168,8,8,16
"6804",2015-10-18,"Oklahoma City Thunder","Denver Nuggets",111,98,13,209,14,11,25
"6805",2015-10-18,"Atlanta Hawks","Miami Heat",92,101,-9,193,8,15,23
"6806",2015-10-18,"Portland Trail Blazers","Utah Jazz",116,111,5,227,16,15,31
"6807",2015-10-17,"Charlotte Hornets","New York Knicks",97,93,4,190,10,3,13
"6808",2015-10-17,"New Orleans Pelicans","Sacramento Kings",98,107,-9,205,7,12,19
"6809",2015-10-17,"Houston Rockets","Miami Heat",100,105,-5,205,17,9,26
"6810",2015-10-17,"Milwaukee Bucks","Washington Wizards",101,105,-4,206,12,14,26
"6811",2015-10-17,"Los Angeles Lakers","Golden State Warriors",85,70,15,155,7,12,19
"6812",2015-10-16,"Philadelphia 76ers","Washington Wizards",118,127,-9,245,15,6,21
"6813",2015-10-16,"New York Knicks","Boston Celtics",101,95,6,196,18,11,29
"6814",2015-10-16,"Memphis Grizzlies","Oklahoma City Thunder",94,78,16,172,12,10,22
"6815",2015-10-16,"Dallas Mavericks","Atlanta Hawks",84,91,-7,175,8,9,17
"6816",2015-10-16,"Denver Nuggets","Phoenix Suns",106,81,25,187,19,8,27
"6817",2015-10-15,"Cleveland Cavaliers","Indiana Pacers",85,107,-22,192,4,11,15
"6818",2015-10-15,"Golden State Warriors","Houston Rockets",123,101,22,224,5,22,27
"6819",2015-10-14,"Los Angeles Clippers","Charlotte Hornets",71,113,-42,184,6,6,12
"6820",2015-10-14,"Minnesota Timberwolves","Toronto Raptors",89,87,2,176,7,6,13
"6821",2015-10-14,"Brooklyn Nets","Boston Celtics",105,109,-4,214,11,7,18
"6822",2015-10-14,"Chicago Bulls","Detroit Pistons",91,114,-23,205,18,7,25
"6823",2015-10-14,"Atlanta Hawks","San Antonio Spurs",100,86,14,186,3,11,14
"6824",2015-10-13,"Orlando Magic","Miami Heat",95,92,3,187,13,13,26
"6825",2015-10-13,"Cleveland Cavaliers","Milwaukee Bucks",101,110,-9,211,8,13,21
"6826",2015-10-13,"Indiana Pacers","Detroit Pistons",101,97,4,198,10,20,30
"6827",2015-10-13,"Oklahoma City Thunder","Dallas Mavericks",100,88,12,188,11,6,17
"6828",2015-10-13,"Phoenix Suns","Houston Rockets",129,135,-6,264,10,17,27
"6829",2015-10-13,"Los Angeles Lakers","Sacramento Kings",100,107,-7,207,12,11,23
"6830",2015-10-13,"Golden State Warriors","Denver Nuggets",103,114,-11,217,11,8,19
"6831",2015-10-12,"Cleveland Cavaliers","Memphis Grizzlies",81,91,-10,172,2,7,9
"6832",2015-10-12,"New York Knicks","Philadelphia 76ers",94,88,6,182,7,15,22
"6833",2015-10-12,"Toronto Raptors","Minnesota Timberwolves",112,105,7,217,9,10,19
"6834",2015-10-12,"Miami Heat","San Antonio Spurs",97,94,3,191,13,11,24
"6835",2015-10-12,"Chicago Bulls","New Orleans Pelicans",115,123,-8,238,14,9,23
"6836",2015-10-12,"Utah Jazz","Portland Trail Blazers",81,88,-7,169,9,6,15
"6837",2015-10-11,"Charlotte Hornets","Los Angeles Clippers",106,94,12,200,6,6,12
"6838",2015-10-11,"Houston Rockets","Orlando Magic",119,123,-4,242,15,14,29
"6839",2015-10-10,"Philadelphia 76ers","Brooklyn Nets",97,95,2,192,10,7,17
"6840",2015-10-10,"Minnesota Timberwolves","Chicago Bulls",105,114,-9,219,9,8,17
"6841",2015-10-10,"Milwaukee Bucks","Detroit Pistons",88,117,-29,205,10,10,20
"6842",2015-10-10,"Sacramento Kings","Portland Trail Blazers",94,90,4,184,9,12,21
"6843",2015-10-09,"Washington Wizards","New York Knicks",104,115,-11,219,9,11,20
"6844",2015-10-09,"New Orleans Pelicans","Atlanta Hawks",93,103,-10,196,6,5,11
"6845",2015-10-09,"Phoenix Suns","Utah Jazz",101,85,16,186,12,11,23
"6846",2015-10-08,"Philadelphia 76ers","Cleveland Cavaliers",115,114,1,229,15,8,23
"6847",2015-10-08,"Indiana Pacers","Orlando Magic",97,92,5,189,7,11,18
"6848",2015-10-08,"Detroit Pistons","Brooklyn Nets",83,93,-10,176,11,6,17
"6849",2015-10-08,"Denver Nuggets","Chicago Bulls",112,94,18,206,9,23,32
"6850",2015-10-08,"Portland Trail Blazers","Golden State Warriors",118,101,17,219,12,8,20
"6851",2015-10-08,"Sacramento Kings","San Antonio Spurs",95,92,3,187,11,8,19
"6852",2015-10-08,"Los Angeles Lakers","Toronto Raptors",97,105,-8,202,11,12,23
"6853",2015-10-07,"Los Angeles Lakers","Utah Jazz",114,117,-3,231,14,13,27
"6854",2015-10-07,"Cleveland Cavaliers","Atlanta Hawks",96,98,-2,194,7,9,16
"6855",2015-10-07,"Miami Heat","Orlando Magic",97,100,-3,197,11,8,19
"6856",2015-10-07,"Minnesota Timberwolves","Oklahoma City Thunder",99,122,-23,221,11,14,25
"6857",2015-10-07,"Houston Rockets","Dallas Mavericks",109,82,27,191,18,7,25
"6858",2015-10-07,"Phoenix Suns","Sacramento Kings",102,98,4,200,17,11,28
"6859",2015-10-06,"Washington Wizards","Philadelphia 76ers",129,95,34,224,9,6,15
"6860",2015-10-06,"Detroit Pistons","Indiana Pacers",112,115,-3,227,11,18,29
"6861",2015-10-06,"Chicago Bulls","Milwaukee Bucks",105,95,10,200,24,8,32
"6862",2015-10-06,"Memphis Grizzlies","Houston Rockets",92,89,3,181,8,16,24
"6863",2015-10-06,"Dallas Mavericks","Denver Nuggets",86,96,-10,182,11,13,24
"6864",2015-10-05,"Portland Trail Blazers","Sacramento Kings",105,109,-4,214,19,14,33
"6865",2015-10-05,"Golden State Warriors","Toronto Raptors",95,87,8,182,4,15,19
"6866",2015-10-04,"Miami Heat","Charlotte Hornets",77,90,-13,167,9,7,16
"6867",2015-10-04,"Toronto Raptors","Los Angeles Clippers",93,73,20,166,9,5,14
"6868",2015-10-04,"Los Angeles Lakers","Utah Jazz",71,90,-19,161,14,12,26
"6869",2015-10-03,"Orlando Magic","Charlotte Hornets",100,106,-6,206,12,7,19
"6870",2015-10-03,"Indiana Pacers","New Orleans Pelicans",105,110,-5,215,18,19,37
"6871",2015-10-02,"Los Angeles Clippers","Denver Nuggets",103,96,7,199,9,14,23
"6872",2015-06-16,"Cleveland Cavaliers","Golden State Warriors",97,105,-8,202,16,7,23
"6873",2015-06-14,"Golden State Warriors","Cleveland Cavaliers",104,91,13,195,11,10,21
"6874",2015-06-11,"Cleveland Cavaliers","Golden State Warriors",82,103,-21,185,16,6,22
"6875",2015-06-09,"Cleveland Cavaliers","Golden State Warriors",96,91,5,187,6,18,24
"6876",2015-06-07,"Golden State Warriors","Cleveland Cavaliers",93,95,-2,188,10,14,24
"6877",2015-06-04,"Golden State Warriors","Cleveland Cavaliers",108,100,8,208,11,13,24
"6878",2015-05-27,"Golden State Warriors","Houston Rockets",104,90,14,194,19,10,29
"6879",2015-05-26,"Cleveland Cavaliers","Atlanta Hawks",118,88,30,206,13,7,20
"6880",2015-05-25,"Houston Rockets","Golden State Warriors",128,115,13,243,4,10,14
"6881",2015-05-24,"Cleveland Cavaliers","Atlanta Hawks",114,111,3,225,19,6,25
"6882",2015-05-23,"Houston Rockets","Golden State Warriors",80,115,-35,195,9,17,26
"6883",2015-05-22,"Atlanta Hawks","Cleveland Cavaliers",82,94,-12,176,7,11,18
"6884",2015-05-21,"Golden State Warriors","Houston Rockets",99,98,1,197,7,11,18
"6885",2015-05-20,"Atlanta Hawks","Cleveland Cavaliers",89,97,-8,186,7,12,19
"6886",2015-05-19,"Golden State Warriors","Houston Rockets",110,106,4,216,14,14,28
"6887",2015-05-17,"Houston Rockets","Los Angeles Clippers",113,100,13,213,4,15,19
"6888",2015-05-15,"Washington Wizards","Atlanta Hawks",91,94,-3,185,18,12,30
"6889",2015-05-15,"Memphis Grizzlies","Golden State Warriors",95,108,-13,203,12,7,19
"6890",2015-05-14,"Chicago Bulls","Cleveland Cavaliers",73,94,-21,167,9,16,25
"6891",2015-05-14,"Los Angeles Clippers","Houston Rockets",107,119,-12,226,4,15,19
"6892",2015-05-13,"Atlanta Hawks","Washington Wizards",82,81,1,163,13,13,26
"6893",2015-05-13,"Golden State Warriors","Memphis Grizzlies",98,78,20,176,14,13,27
"6894",2015-05-12,"Cleveland Cavaliers","Chicago Bulls",106,101,5,207,11,12,23
"6895",2015-05-12,"Houston Rockets","Los Angeles Clippers",124,103,21,227,15,13,28
"6896",2015-05-11,"Washington Wizards","Atlanta Hawks",101,106,-5,207,10,10,20
"6897",2015-05-11,"Memphis Grizzlies","Golden State Warriors",84,101,-17,185,17,10,27
"6898",2015-05-10,"Chicago Bulls","Cleveland Cavaliers",84,86,-2,170,11,6,17
"6899",2015-05-10,"Los Angeles Clippers","Houston Rockets",128,95,33,223,10,10,20
"6900",2015-05-09,"Washington Wizards","Atlanta Hawks",103,101,2,204,9,8,17
"6901",2015-05-09,"Memphis Grizzlies","Golden State Warriors",99,89,10,188,11,10,21
"6902",2015-05-08,"Chicago Bulls","Cleveland Cavaliers",99,96,3,195,18,9,27
"6903",2015-05-08,"Los Angeles Clippers","Houston Rockets",124,99,25,223,12,16,28
"6904",2015-05-06,"Cleveland Cavaliers","Chicago Bulls",106,91,15,197,14,11,25
"6905",2015-05-06,"Houston Rockets","Los Angeles Clippers",115,109,6,224,15,6,21
"6906",2015-05-05,"Atlanta Hawks","Washington Wizards",106,90,16,196,11,7,18
"6907",2015-05-05,"Golden State Warriors","Memphis Grizzlies",90,97,-7,187,9,8,17
"6908",2015-05-04,"Cleveland Cavaliers","Chicago Bulls",92,99,-7,191,11,11,22
"6909",2015-05-04,"Houston Rockets","Los Angeles Clippers",101,117,-16,218,6,9,15
"6910",2015-05-03,"Atlanta Hawks","Washington Wizards",98,104,-6,202,16,15,31
"6911",2015-05-03,"Golden State Warriors","Memphis Grizzlies",101,86,15,187,7,7,14
"6912",2015-05-02,"Los Angeles Clippers","San Antonio Spurs",111,109,2,220,7,13,20
"6913",2015-05-01,"Brooklyn Nets","Atlanta Hawks",87,111,-24,198,9,6,15
"6914",2015-04-30,"Milwaukee Bucks","Chicago Bulls",66,120,-54,186,9,10,19
"6915",2015-04-30,"San Antonio Spurs","Los Angeles Clippers",96,102,-6,198,12,10,22
"6916",2015-04-29,"Atlanta Hawks","Brooklyn Nets",107,97,10,204,8,5,13
"6917",2015-04-29,"Memphis Grizzlies","Portland Trail Blazers",99,93,6,192,15,5,20
"6918",2015-04-28,"Houston Rockets","Dallas Mavericks",103,94,9,197,11,10,21
"6919",2015-04-28,"Los Angeles Clippers","San Antonio Spurs",107,111,-4,218,11,12,23
"6920",2015-04-27,"Brooklyn Nets","Atlanta Hawks",120,115,5,235,11,18,29
"6921",2015-04-27,"Chicago Bulls","Milwaukee Bucks",88,94,-6,182,17,13,30
"6922",2015-04-27,"Portland Trail Blazers","Memphis Grizzlies",99,92,7,191,13,7,20
"6923",2015-04-26,"Boston Celtics","Cleveland Cavaliers",93,101,-8,194,11,10,21
"6924",2015-04-26,"San Antonio Spurs","Los Angeles Clippers",105,114,-9,219,11,6,17
"6925",2015-04-26,"Washington Wizards","Toronto Raptors",125,94,31,219,8,10,18
"6926",2015-04-26,"Dallas Mavericks","Houston Rockets",121,109,12,230,16,7,23
"6927",2015-04-25,"Brooklyn Nets","Atlanta Hawks",91,83,8,174,12,14,26
"6928",2015-04-25,"Milwaukee Bucks","Chicago Bulls",92,90,2,182,12,5,17
"6929",2015-04-25,"New Orleans Pelicans","Golden State Warriors",98,109,-11,207,10,10,20
"6930",2015-04-25,"Portland Trail Blazers","Memphis Grizzlies",109,115,-6,224,5,6,11
"6931",2015-04-24,"Dallas Mavericks","Houston Rockets",128,130,-2,258,14,17,31
"6932",2015-04-24,"Washington Wizards","Toronto Raptors",106,99,7,205,7,10,17
"6933",2015-04-24,"San Antonio Spurs","Los Angeles Clippers",100,73,27,173,7,10,17
"6934",2015-04-23,"Boston Celtics","Cleveland Cavaliers",95,103,-8,198,9,11,20
"6935",2015-04-23,"Milwaukee Bucks","Chicago Bulls",106,113,-7,219,17,12,29
"6936",2015-04-23,"New Orleans Pelicans","Golden State Warriors",119,123,-4,242,13,22,35
"6937",2015-04-22,"Atlanta Hawks","Brooklyn Nets",96,91,5,187,8,8,16
"6938",2015-04-22,"Memphis Grizzlies","Portland Trail Blazers",97,82,15,179,12,11,23
"6939",2015-04-22,"Los Angeles Clippers","San Antonio Spurs",107,111,-4,218,16,10,26
"6940",2015-04-21,"Cleveland Cavaliers","Boston Celtics",99,91,8,190,12,13,25
"6941",2015-04-21,"Toronto Raptors","Washington Wizards",106,117,-11,223,5,10,15
"6942",2015-04-21,"Houston Rockets","Dallas Mavericks",111,99,12,210,13,14,27
"6943",2015-04-20,"Chicago Bulls","Milwaukee Bucks",91,82,9,173,14,9,23
"6944",2015-04-20,"Golden State Warriors","New Orleans Pelicans",97,87,10,184,14,10,24
"6945",2015-04-19,"Cleveland Cavaliers","Boston Celtics",113,100,13,213,15,7,22
"6946",2015-04-19,"Atlanta Hawks","Brooklyn Nets",99,92,7,191,6,12,18
"6947",2015-04-19,"Memphis Grizzlies","Portland Trail Blazers",100,86,14,186,8,16,24
"6948",2015-04-19,"Los Angeles Clippers","San Antonio Spurs",107,92,15,199,6,17,23
"6949",2015-04-18,"Toronto Raptors","Washington Wizards",86,93,-7,179,10,19,29
"6950",2015-04-18,"Golden State Warriors","New Orleans Pelicans",106,99,7,205,10,10,20
"6951",2015-04-18,"Chicago Bulls","Milwaukee Bucks",103,91,12,194,10,13,23
"6952",2015-04-18,"Houston Rockets","Dallas Mavericks",118,108,10,226,8,14,22
"6953",2015-04-15,"Toronto Raptors","Charlotte Hornets",92,87,5,179,5,8,13
"6954",2015-04-15,"Chicago Bulls","Atlanta Hawks",91,85,6,176,7,10,17
"6955",2015-04-15,"Dallas Mavericks","Portland Trail Blazers",114,98,16,212,12,12,24
"6956",2015-04-15,"Houston Rockets","Utah Jazz",117,91,26,208,4,14,18
"6957",2015-04-15,"Milwaukee Bucks","Boston Celtics",100,105,-5,205,16,8,24
"6958",2015-04-15,"Minnesota Timberwolves","Oklahoma City Thunder",113,138,-25,251,14,18,32
"6959",2015-04-15,"New Orleans Pelicans","San Antonio Spurs",108,103,5,211,7,4,11
"6960",2015-04-15,"Brooklyn Nets","Orlando Magic",101,88,13,189,7,10,17
"6961",2015-04-15,"Cleveland Cavaliers","Washington Wizards",113,108,5,221,11,15,26
"6962",2015-04-15,"New York Knicks","Detroit Pistons",90,112,-22,202,12,11,23
"6963",2015-04-15,"Philadelphia 76ers","Miami Heat",101,105,-4,206,13,12,25
"6964",2015-04-15,"Memphis Grizzlies","Indiana Pacers",95,83,12,178,16,13,29
"6965",2015-04-15,"Golden State Warriors","Denver Nuggets",133,126,7,259,14,9,23
"6966",2015-04-15,"Los Angeles Lakers","Sacramento Kings",99,122,-23,221,16,6,22
"6967",2015-04-14,"Boston Celtics","Toronto Raptors",95,93,2,188,17,7,24
"6968",2015-04-14,"Indiana Pacers","Washington Wizards",99,95,4,194,14,13,27
"6969",2015-04-14,"Phoenix Suns","Los Angeles Clippers",101,112,-11,213,11,11,22
"6970",2015-04-13,"Charlotte Hornets","Houston Rockets",90,100,-10,190,7,10,17
"6971",2015-04-13,"Cleveland Cavaliers","Detroit Pistons",109,97,12,206,13,8,21
"6972",2015-04-13,"Philadelphia 76ers","Milwaukee Bucks",97,107,-10,204,14,12,26
"6973",2015-04-13,"Atlanta Hawks","New York Knicks",108,112,-4,220,12,9,21
"6974",2015-04-13,"Brooklyn Nets","Chicago Bulls",86,113,-27,199,12,9,21
"6975",2015-04-13,"Miami Heat","Orlando Magic",100,93,7,193,11,11,22
"6976",2015-04-13,"Minnesota Timberwolves","New Orleans Pelicans",88,100,-12,188,8,10,18
"6977",2015-04-13,"Oklahoma City Thunder","Portland Trail Blazers",101,90,11,191,18,3,21
"6978",2015-04-13,"Utah Jazz","Dallas Mavericks",109,92,17,201,12,12,24
"6979",2015-04-13,"Sacramento Kings","Los Angeles Lakers",102,92,10,194,5,17,22
"6980",2015-04-13,"Golden State Warriors","Memphis Grizzlies",111,107,4,218,6,18,24
"6981",2015-04-13,"Los Angeles Clippers","Denver Nuggets",110,103,7,213,13,25,38
"6982",2015-04-12,"Milwaukee Bucks","Brooklyn Nets",96,73,23,169,7,16,23
"6983",2015-04-12,"Boston Celtics","Cleveland Cavaliers",117,78,39,195,6,11,17
"6984",2015-04-12,"Detroit Pistons","Charlotte Hornets",116,77,39,193,12,6,18
"6985",2015-04-12,"Denver Nuggets","Sacramento Kings",122,111,11,233,10,6,16
"6986",2015-04-12,"Indiana Pacers","Oklahoma City Thunder",116,104,12,220,9,15,24
"6987",2015-04-12,"Washington Wizards","Atlanta Hawks",108,99,9,207,14,7,21
"6988",2015-04-12,"Houston Rockets","New Orleans Pelicans",121,114,7,235,9,13,22
"6989",2015-04-12,"San Antonio Spurs","Phoenix Suns",107,91,16,198,6,13,19
"6990",2015-04-12,"Los Angeles Lakers","Dallas Mavericks",106,120,-14,226,6,7,13
"6991",2015-04-11,"Orlando Magic","New York Knicks",79,80,-1,159,11,11,22
"6992",2015-04-11,"Miami Heat","Toronto Raptors",104,107,-3,211,14,15,29
"6993",2015-04-11,"Chicago Bulls","Philadelphia 76ers",114,107,7,221,13,14,27
"6994",2015-04-11,"Los Angeles Clippers","Memphis Grizzlies",94,86,8,180,12,11,23
"6995",2015-04-11,"Portland Trail Blazers","Utah Jazz",105,111,-6,216,9,15,24
"6996",2015-04-11,"Golden State Warriors","Minnesota Timberwolves",110,101,9,211,13,8,21
"6997",2015-04-10,"Orlando Magic","Toronto Raptors",99,101,-2,200,14,17,31
"6998",2015-04-10,"Atlanta Hawks","Charlotte Hornets",104,80,24,184,9,12,21
"6999",2015-04-10,"Brooklyn Nets","Washington Wizards",117,80,37,197,12,17,29
"7000",2015-04-10,"Cleveland Cavaliers","Boston Celtics",90,99,-9,189,12,11,23
"7001",2015-04-10,"Detroit Pistons","Indiana Pacers",103,107,-4,210,15,9,24
"7002",2015-04-10,"New York Knicks","Milwaukee Bucks",91,99,-8,190,5,5,10
"7003",2015-04-10,"Houston Rockets","San Antonio Spurs",103,104,-1,207,9,13,22
"7004",2015-04-10,"New Orleans Pelicans","Phoenix Suns",90,75,15,165,15,10,25
"7005",2015-04-10,"Oklahoma City Thunder","Sacramento Kings",116,103,13,219,16,14,30
"7006",2015-04-10,"Denver Nuggets","Dallas Mavericks",143,144,-1,287,27,11,38
"7007",2015-04-10,"Utah Jazz","Memphis Grizzlies",88,89,-1,177,9,7,16
"7008",2015-04-10,"Los Angeles Lakers","Minnesota Timberwolves",106,98,8,204,14,9,23
"7009",2015-04-09,"Miami Heat","Chicago Bulls",78,89,-11,167,13,15,28
"7010",2015-04-09,"Golden State Warriors","Portland Trail Blazers",116,105,11,221,9,11,20
"7011",2015-04-08,"Charlotte Hornets","Toronto Raptors",74,92,-18,166,9,9,18
"7012",2015-04-08,"Orlando Magic","Chicago Bulls",105,103,2,208,13,12,25
"7013",2015-04-08,"Philadelphia 76ers","Washington Wizards",90,119,-29,209,17,6,23
"7014",2015-04-08,"Detroit Pistons","Boston Celtics",103,113,-10,216,11,10,21
"7015",2015-04-08,"Brooklyn Nets","Atlanta Hawks",111,114,-3,225,14,10,24
"7016",2015-04-08,"New York Knicks","Indiana Pacers",86,102,-16,188,9,11,20
"7017",2015-04-08,"Memphis Grizzlies","New Orleans Pelicans",110,74,36,184,14,12,26
"7018",2015-04-08,"Milwaukee Bucks","Cleveland Cavaliers",99,104,-5,203,7,11,18
"7019",2015-04-08,"San Antonio Spurs","Houston Rockets",110,98,12,208,13,8,21
"7020",2015-04-08,"Denver Nuggets","Los Angeles Lakers",119,101,18,220,11,9,20
"7021",2015-04-08,"Utah Jazz","Sacramento Kings",103,91,12,194,13,7,20
"7022",2015-04-08,"Dallas Mavericks","Phoenix Suns",107,104,3,211,15,8,23
"7023",2015-04-08,"Portland Trail Blazers","Minnesota Timberwolves",116,91,25,207,12,10,22
"7024",2015-04-07,"Atlanta Hawks","Phoenix Suns",96,69,27,165,8,9,17
"7025",2015-04-07,"Miami Heat","Charlotte Hornets",105,100,5,205,8,15,23
"7026",2015-04-07,"New Orleans Pelicans","Golden State Warriors",103,100,3,203,8,11,19
"7027",2015-04-07,"Oklahoma City Thunder","San Antonio Spurs",88,113,-25,201,11,12,23
"7028",2015-04-07,"Sacramento Kings","Minnesota Timberwolves",116,111,5,227,13,9,22
"7029",2015-04-07,"Los Angeles Clippers","Los Angeles Lakers",105,100,5,205,6,8,14
"7030",2015-04-06,"Brooklyn Nets","Portland Trail Blazers",106,96,10,202,12,11,23
"7031",2015-04-05,"Oklahoma City Thunder","Houston Rockets",112,115,-3,227,17,12,29
"7032",2015-04-05,"Cleveland Cavaliers","Chicago Bulls",99,94,5,193,10,9,19
"7033",2015-04-05,"Indiana Pacers","Miami Heat",112,89,23,201,20,7,27
"7034",2015-04-05,"San Antonio Spurs","Golden State Warriors",107,92,15,199,6,10,16
"7035",2015-04-05,"New York Knicks","Philadelphia 76ers",101,91,10,192,15,19,34
"7036",2015-04-05,"Sacramento Kings","Utah Jazz",95,101,-6,196,11,14,25
"7037",2015-04-05,"Los Angeles Lakers","Los Angeles Clippers",78,106,-28,184,14,7,21
"7038",2015-04-04,"Charlotte Hornets","Philadelphia 76ers",92,91,1,183,13,11,24
"7039",2015-04-04,"Atlanta Hawks","Brooklyn Nets",131,99,32,230,7,12,19
"7040",2015-04-04,"Detroit Pistons","Miami Heat",99,98,1,197,8,11,19
"7041",2015-04-04,"Toronto Raptors","Boston Celtics",116,117,-1,233,9,12,21
"7042",2015-04-04,"Memphis Grizzlies","Washington Wizards",83,92,-9,175,9,6,15
"7043",2015-04-04,"Dallas Mavericks","Golden State Warriors",110,123,-13,233,10,17,27
"7044",2015-04-04,"Milwaukee Bucks","Orlando Magic",90,97,-7,187,14,12,26
"7045",2015-04-04,"Denver Nuggets","Los Angeles Clippers",92,107,-15,199,15,13,28
"7046",2015-04-04,"Phoenix Suns","Utah Jazz",87,85,2,172,6,13,19
"7047",2015-04-04,"Portland Trail Blazers","New Orleans Pelicans",99,90,9,189,18,9,27
"7048",2015-04-03,"Indiana Pacers","Charlotte Hornets",93,74,19,167,15,10,25
"7049",2015-04-03,"Washington Wizards","New York Knicks",101,87,14,188,12,9,21
"7050",2015-04-03,"Boston Celtics","Milwaukee Bucks",101,110,-9,211,9,9,18
"7051",2015-04-03,"Brooklyn Nets","Toronto Raptors",114,109,5,223,17,13,30
"7052",2015-04-03,"Chicago Bulls","Detroit Pistons",88,82,6,170,19,11,30
"7053",2015-04-03,"Memphis Grizzlies","Oklahoma City Thunder",100,92,8,192,8,11,19
"7054",2015-04-03,"Minnesota Timberwolves","Orlando Magic",84,97,-13,181,3,20,23
"7055",2015-04-03,"San Antonio Spurs","Denver Nuggets",123,93,30,216,14,11,25
"7056",2015-04-03,"Sacramento Kings","New Orleans Pelicans",95,101,-6,196,6,16,22
"7057",2015-04-03,"Los Angeles Lakers","Portland Trail Blazers",77,107,-30,184,6,6,12
"7058",2015-04-02,"Cleveland Cavaliers","Miami Heat",114,88,26,202,10,8,18
"7059",2015-04-02,"Dallas Mavericks","Houston Rockets",101,108,-7,209,9,17,26
"7060",2015-04-02,"Golden State Warriors","Phoenix Suns",107,106,1,213,15,9,24
"7061",2015-04-01,"Charlotte Hornets","Detroit Pistons",102,78,24,180,13,14,27
"7062",2015-04-01,"Orlando Magic","San Antonio Spurs",91,103,-12,194,14,11,25
"7063",2015-04-01,"Washington Wizards","Philadelphia 76ers",106,93,13,199,9,11,20
"7064",2015-04-01,"Boston Celtics","Indiana Pacers",100,87,13,187,7,8,15
"7065",2015-04-01,"New York Knicks","Brooklyn Nets",98,100,-2,198,10,7,17
"7066",2015-04-01,"Houston Rockets","Sacramento Kings",115,111,4,226,14,20,34
"7067",2015-04-01,"Milwaukee Bucks","Chicago Bulls",95,91,4,186,20,12,32
"7068",2015-04-01,"Minnesota Timberwolves","Toronto Raptors",99,113,-14,212,7,8,15
"7069",2015-04-01,"Oklahoma City Thunder","Dallas Mavericks",131,135,-4,266,15,4,19
"7070",2015-04-01,"Utah Jazz","Denver Nuggets",98,84,14,182,12,11,23
"7071",2015-04-01,"Portland Trail Blazers","Los Angeles Clippers",122,126,-4,248,13,7,20
"7072",2015-04-01,"Los Angeles Lakers","New Orleans Pelicans",92,113,-21,205,12,9,21
"7073",2015-03-31,"Brooklyn Nets","Indiana Pacers",111,106,5,217,6,6,12
"7074",2015-03-31,"Detroit Pistons","Atlanta Hawks",105,95,10,200,9,12,21
"7075",2015-03-31,"Miami Heat","San Antonio Spurs",81,95,-14,176,10,8,18
"7076",2015-03-31,"Los Angeles Clippers","Golden State Warriors",106,110,-4,216,10,10,20
"7077",2015-03-30,"Charlotte Hornets","Boston Celtics",104,116,-12,220,10,13,23
"7078",2015-03-30,"Philadelphia 76ers","Los Angeles Lakers",111,113,-2,224,20,12,32
"7079",2015-03-30,"Atlanta Hawks","Milwaukee Bucks",101,88,13,189,12,13,25
"7080",2015-03-30,"Toronto Raptors","Houston Rockets",99,96,3,195,12,12,24
"7081",2015-03-30,"Memphis Grizzlies","Sacramento Kings",97,83,14,180,14,12,26
"7082",2015-03-30,"Minnesota Timberwolves","Utah Jazz",84,104,-20,188,10,14,24
"7083",2015-03-30,"Portland Trail Blazers","Phoenix Suns",109,86,23,195,9,8,17
"7084",2015-03-29,"Washington Wizards","Houston Rockets",91,99,-8,190,11,16,27
"7085",2015-03-29,"Brooklyn Nets","Los Angeles Lakers",107,99,8,206,6,9,15
"7086",2015-03-29,"New Orleans Pelicans","Minnesota Timberwolves",110,88,22,198,7,12,19
"7087",2015-03-29,"Cleveland Cavaliers","Philadelphia 76ers",87,86,1,173,18,11,29
"7088",2015-03-29,"Boston Celtics","Los Angeles Clippers",106,119,-13,225,9,13,22
"7089",2015-03-29,"Miami Heat","Detroit Pistons",109,102,7,211,14,13,27
"7090",2015-03-29,"San Antonio Spurs","Memphis Grizzlies",103,89,14,192,10,3,13
"7091",2015-03-29,"Indiana Pacers","Dallas Mavericks",104,99,5,203,4,9,13
"7092",2015-03-29,"Phoenix Suns","Oklahoma City Thunder",97,109,-12,206,8,11,19
"7093",2015-03-28,"Charlotte Hornets","Atlanta Hawks",115,100,15,215,7,7,14
"7094",2015-03-28,"Chicago Bulls","New York Knicks",111,80,31,191,12,9,21
"7095",2015-03-28,"Milwaukee Bucks","Golden State Warriors",95,108,-13,203,15,7,22
"7096",2015-03-28,"Utah Jazz","Oklahoma City Thunder",94,89,5,183,16,10,26
"7097",2015-03-28,"Portland Trail Blazers","Denver Nuggets",120,114,6,234,8,11,19
"7098",2015-03-27,"Orlando Magic","Detroit Pistons",97,111,-14,208,8,12,20
"7099",2015-03-27,"Philadelphia 76ers","Los Angeles Clippers",98,119,-21,217,8,8,16
"7100",2015-03-27,"Washington Wizards","Charlotte Hornets",110,107,3,217,17,10,27
"7101",2015-03-27,"Atlanta Hawks","Miami Heat",99,86,13,185,5,11,16
"7102",2015-03-27,"Brooklyn Nets","Cleveland Cavaliers",106,98,8,204,10,6,16
"7103",2015-03-27,"New York Knicks","Boston Celtics",92,96,-4,188,9,9,18
"7104",2015-03-27,"Toronto Raptors","Los Angeles Lakers",94,83,11,177,8,16,24
"7105",2015-03-27,"Houston Rockets","Minnesota Timberwolves",120,110,10,230,13,6,19
"7106",2015-03-27,"Memphis Grizzlies","Golden State Warriors",84,107,-23,191,8,14,22
"7107",2015-03-27,"New Orleans Pelicans","Sacramento Kings",102,88,14,190,12,10,22
"7108",2015-03-27,"San Antonio Spurs","Dallas Mavericks",94,76,18,170,13,15,28
"7109",2015-03-27,"Denver Nuggets","Utah Jazz",107,91,16,198,8,14,22
"7110",2015-03-27,"Phoenix Suns","Portland Trail Blazers",81,87,-6,168,11,15,26
"7111",2015-03-26,"Milwaukee Bucks","Indiana Pacers",111,107,4,218,6,12,18
"7112",2015-03-25,"Charlotte Hornets","Brooklyn Nets",88,91,-3,179,10,5,15
"7113",2015-03-25,"New York Knicks","Los Angeles Clippers",80,111,-31,191,7,6,13
"7114",2015-03-25,"Orlando Magic","Atlanta Hawks",83,95,-12,178,10,12,22
"7115",2015-03-25,"Washington Wizards","Indiana Pacers",101,103,-2,204,6,9,15
"7116",2015-03-25,"Toronto Raptors","Chicago Bulls",103,116,-13,219,10,2,12
"7117",2015-03-25,"Boston Celtics","Miami Heat",86,93,-7,179,10,8,18
"7118",2015-03-25,"Memphis Grizzlies","Cleveland Cavaliers",89,111,-22,200,9,11,20
"7119",2015-03-25,"Minnesota Timberwolves","Los Angeles Lakers",99,101,-2,200,9,14,23
"7120",2015-03-25,"New Orleans Pelicans","Houston Rockets",93,95,-2,188,12,12,24
"7121",2015-03-25,"Denver Nuggets","Philadelphia 76ers",85,99,-14,184,13,13,26
"7122",2015-03-25,"Utah Jazz","Portland Trail Blazers",89,92,-3,181,11,11,22
"7123",2015-03-25,"San Antonio Spurs","Oklahoma City Thunder",130,91,39,221,11,10,21
"7124",2015-03-25,"Phoenix Suns","Sacramento Kings",99,108,-9,207,14,8,22
"7125",2015-03-24,"Detroit Pistons","Toronto Raptors",108,104,4,212,20,12,32
"7126",2015-03-24,"Milwaukee Bucks","Miami Heat",89,88,1,177,20,8,28
"7127",2015-03-24,"Oklahoma City Thunder","Los Angeles Lakers",127,117,10,244,13,8,21
"7128",2015-03-24,"Dallas Mavericks","San Antonio Spurs",101,94,7,195,10,9,19
"7129",2015-03-24,"Sacramento Kings","Philadelphia 76ers",107,106,1,213,20,7,27
"7130",2015-03-24,"Portland Trail Blazers","Golden State Warriors",108,122,-14,230,12,6,18
"7131",2015-03-23,"Indiana Pacers","Houston Rockets",100,110,-10,210,16,4,20
"7132",2015-03-23,"Brooklyn Nets","Boston Celtics",91,110,-19,201,16,8,24
"7133",2015-03-23,"New York Knicks","Memphis Grizzlies",82,103,-21,185,8,9,17
"7134",2015-03-23,"Chicago Bulls","Charlotte Hornets",98,86,12,184,6,11,17
"7135",2015-03-23,"Utah Jazz","Minnesota Timberwolves",104,106,-2,210,21,11,32
"7136",2015-03-23,"Golden State Warriors","Washington Wizards",107,76,31,183,19,5,24
"7137",2015-03-22,"Milwaukee Bucks","Cleveland Cavaliers",90,108,-18,198,6,9,15
"7138",2015-03-22,"Oklahoma City Thunder","Miami Heat",93,75,18,168,21,13,34
"7139",2015-03-22,"Atlanta Hawks","San Antonio Spurs",95,114,-19,209,6,10,16
"7140",2015-03-22,"Los Angeles Clippers","New Orleans Pelicans",107,100,7,207,16,9,25
"7141",2015-03-22,"Toronto Raptors","New York Knicks",106,89,17,195,8,12,20
"7142",2015-03-22,"Sacramento Kings","Washington Wizards",109,86,23,195,4,16,20
"7143",2015-03-22,"Boston Celtics","Detroit Pistons",97,105,-8,202,18,11,29
"7144",2015-03-22,"Orlando Magic","Denver Nuggets",100,119,-19,219,11,18,29
"7145",2015-03-22,"Minnesota Timberwolves","Charlotte Hornets",98,109,-11,207,3,13,16
"7146",2015-03-22,"Phoenix Suns","Dallas Mavericks",98,92,6,190,9,15,24
"7147",2015-03-22,"Los Angeles Lakers","Philadelphia 76ers",101,87,14,188,13,13,26
"7148",2015-03-21,"Indiana Pacers","Brooklyn Nets",111,123,-12,234,11,3,14
"7149",2015-03-21,"Detroit Pistons","Chicago Bulls",107,91,16,198,6,8,14
"7150",2015-03-21,"Houston Rockets","Phoenix Suns",102,117,-15,219,4,14,18
"7151",2015-03-21,"Memphis Grizzlies","Portland Trail Blazers",97,86,11,183,11,5,16
"7152",2015-03-21,"Golden State Warriors","Utah Jazz",106,91,15,197,7,8,15
"7153",2015-03-20,"Orlando Magic","Portland Trail Blazers",111,104,7,215,18,11,29
"7154",2015-03-20,"Philadelphia 76ers","New York Knicks",97,81,16,178,15,7,22
"7155",2015-03-20,"Brooklyn Nets","Milwaukee Bucks",129,127,2,256,16,38,54
"7156",2015-03-20,"Cleveland Cavaliers","Indiana Pacers",95,92,3,187,11,9,20
"7157",2015-03-20,"Miami Heat","Denver Nuggets",108,91,17,199,10,10,20
"7158",2015-03-20,"Chicago Bulls","Toronto Raptors",108,92,16,200,13,12,25
"7159",2015-03-20,"Oklahoma City Thunder","Atlanta Hawks",123,115,8,238,10,7,17
"7160",2015-03-20,"Dallas Mavericks","Memphis Grizzlies",101,112,-11,213,9,6,15
"7161",2015-03-20,"San Antonio Spurs","Boston Celtics",101,89,12,190,7,14,21
"7162",2015-03-20,"Sacramento Kings","Charlotte Hornets",101,91,10,192,11,7,18
"7163",2015-03-20,"Golden State Warriors","New Orleans Pelicans",112,96,16,208,12,9,21
"7164",2015-03-20,"Los Angeles Clippers","Washington Wizards",113,99,14,212,8,8,16
"7165",2015-03-19,"New York Knicks","Minnesota Timberwolves",92,95,-3,187,12,11,23
"7166",2015-03-19,"Houston Rockets","Denver Nuggets",118,108,10,226,10,6,16
"7167",2015-03-19,"Phoenix Suns","New Orleans Pelicans",74,72,2,146,14,9,23
"7168",2015-03-19,"Los Angeles Lakers","Utah Jazz",73,80,-7,153,9,2,11
"7169",2015-03-18,"Cleveland Cavaliers","Brooklyn Nets",117,92,25,209,11,8,19
"7170",2015-03-18,"Philadelphia 76ers","Detroit Pistons",94,83,11,177,12,18,30
"7171",2015-03-18,"Miami Heat","Portland Trail Blazers",108,104,4,212,8,13,21
"7172",2015-03-18,"Toronto Raptors","Minnesota Timberwolves",105,100,5,205,8,12,20
"7173",2015-03-18,"Chicago Bulls","Indiana Pacers",103,86,17,189,9,5,14
"7174",2015-03-18,"Milwaukee Bucks","San Antonio Spurs",103,114,-11,217,11,3,14
"7175",2015-03-18,"Oklahoma City Thunder","Boston Celtics",122,118,4,240,18,11,29
"7176",2015-03-18,"Dallas Mavericks","Orlando Magic",107,102,5,209,8,11,19
"7177",2015-03-18,"Sacramento Kings","Los Angeles Clippers",105,116,-11,221,9,8,17
"7178",2015-03-18,"Golden State Warriors","Atlanta Hawks",114,95,19,209,10,15,25
"7179",2015-03-18,"Utah Jazz","Washington Wizards",84,88,-4,172,14,6,20
"7180",2015-03-17,"Detroit Pistons","Memphis Grizzlies",105,95,10,200,9,11,20
"7181",2015-03-17,"New York Knicks","San Antonio Spurs",104,100,4,204,15,15,30
"7182",2015-03-17,"Houston Rockets","Orlando Magic",107,94,13,201,12,12,24
"7183",2015-03-17,"New Orleans Pelicans","Milwaukee Bucks",85,84,1,169,10,9,19
"7184",2015-03-17,"Los Angeles Clippers","Charlotte Hornets",99,92,7,191,7,9,16
"7185",2015-03-16,"Indiana Pacers","Toronto Raptors",98,117,-19,215,4,7,11
"7186",2015-03-16,"Washington Wizards","Portland Trail Blazers",105,97,8,202,6,14,20
"7187",2015-03-16,"Boston Celtics","Philadelphia 76ers",108,89,19,197,5,9,14
"7188",2015-03-16,"Memphis Grizzlies","Denver Nuggets",92,81,11,173,20,10,30
"7189",2015-03-16,"Minnesota Timberwolves","Brooklyn Nets",106,122,-16,228,13,13,26
"7190",2015-03-16,"Miami Heat","Cleveland Cavaliers",106,92,14,198,6,7,13
"7191",2015-03-16,"Dallas Mavericks","Oklahoma City Thunder",119,115,4,234,8,17,25
"7192",2015-03-16,"Utah Jazz","Charlotte Hornets",94,66,28,160,14,6,20
"7193",2015-03-16,"Sacramento Kings","Atlanta Hawks",103,110,-7,213,9,9,18
"7194",2015-03-16,"Golden State Warriors","Los Angeles Lakers",108,105,3,213,7,10,17
"7195",2015-03-15,"Oklahoma City Thunder","Chicago Bulls",109,100,9,209,17,9,26
"7196",2015-03-15,"Los Angeles Clippers","Houston Rockets",98,100,-2,198,8,11,19
"7197",2015-03-15,"New Orleans Pelicans","Denver Nuggets",111,118,-7,229,15,12,27
"7198",2015-03-15,"Orlando Magic","Cleveland Cavaliers",108,123,-15,231,17,3,20
"7199",2015-03-15,"San Antonio Spurs","Minnesota Timberwolves",123,97,26,220,6,11,17
"7200",2015-03-15,"Toronto Raptors","Portland Trail Blazers",97,113,-16,210,9,7,16
"7201",2015-03-15,"Phoenix Suns","New York Knicks",102,89,13,191,13,6,19
"7202",2015-03-15,"Los Angeles Lakers","Atlanta Hawks",86,91,-5,177,19,7,26
"7203",2015-03-14,"Indiana Pacers","Boston Celtics",89,93,-4,182,9,9,18
"7204",2015-03-14,"Washington Wizards","Sacramento Kings",113,97,16,210,9,11,20
"7205",2015-03-14,"Philadelphia 76ers","Brooklyn Nets",87,94,-7,181,12,7,19
"7206",2015-03-14,"Memphis Grizzlies","Milwaukee Bucks",96,83,13,179,8,8,16
"7207",2015-03-14,"Utah Jazz","Detroit Pistons",88,85,3,173,10,16,26
"7208",2015-03-14,"Golden State Warriors","New York Knicks",125,94,31,219,8,20,28
"7209",2015-03-13,"Charlotte Hornets","Chicago Bulls",101,91,10,192,17,4,21
"7210",2015-03-13,"Philadelphia 76ers","Sacramento Kings",114,107,7,221,14,16,30
"7211",2015-03-13,"Boston Celtics","Orlando Magic",95,88,7,183,10,10,20
"7212",2015-03-13,"Toronto Raptors","Miami Heat",102,92,10,194,9,7,16
"7213",2015-03-13,"Oklahoma City Thunder","Minnesota Timberwolves",113,99,14,212,19,13,32
"7214",2015-03-13,"Dallas Mavericks","Los Angeles Clippers",129,99,30,228,12,11,23
"7215",2015-03-13,"Denver Nuggets","Golden State Warriors",114,103,11,217,13,9,22
"7216",2015-03-13,"Phoenix Suns","Atlanta Hawks",87,96,-9,183,11,7,18
"7217",2015-03-13,"Portland Trail Blazers","Detroit Pistons",118,99,19,217,7,11,18
"7218",2015-03-12,"Indiana Pacers","Milwaukee Bucks",109,103,6,212,6,12,18
"7219",2015-03-12,"Washington Wizards","Memphis Grizzlies",107,87,20,194,10,14,24
"7220",2015-03-12,"Utah Jazz","Houston Rockets",109,91,18,200,22,8,30
"7221",2015-03-12,"San Antonio Spurs","Cleveland Cavaliers",125,128,-3,253,9,11,20
"7222",2015-03-12,"Los Angeles Lakers","New York Knicks",94,101,-7,195,15,4,19
"7223",2015-03-11,"Charlotte Hornets","Sacramento Kings",106,113,-7,219,10,7,17
"7224",2015-03-11,"Philadelphia 76ers","Chicago Bulls",95,104,-9,199,17,8,25
"7225",2015-03-11,"Boston Celtics","Memphis Grizzlies",95,92,3,187,12,10,22
"7226",2015-03-11,"Miami Heat","Brooklyn Nets",104,98,6,202,11,14,25
"7227",2015-03-11,"Milwaukee Bucks","Orlando Magic",97,91,6,188,11,9,20
"7228",2015-03-11,"Oklahoma City Thunder","Los Angeles Clippers",108,120,-12,228,11,11,22
"7229",2015-03-11,"Denver Nuggets","Atlanta Hawks",115,102,13,217,11,8,19
"7230",2015-03-11,"Phoenix Suns","Minnesota Timberwolves",106,97,9,203,16,12,28
"7231",2015-03-11,"Golden State Warriors","Detroit Pistons",105,98,7,203,10,19,29
"7232",2015-03-11,"Portland Trail Blazers","Houston Rockets",105,100,5,205,16,12,28
"7233",2015-03-10,"Indiana Pacers","Orlando Magic",118,86,32,204,11,19,30
"7234",2015-03-10,"Brooklyn Nets","New Orleans Pelicans",91,111,-20,202,12,8,20
"7235",2015-03-10,"Dallas Mavericks","Cleveland Cavaliers",94,127,-33,221,15,12,27
"7236",2015-03-10,"San Antonio Spurs","Toronto Raptors",117,107,10,224,13,18,31
"7237",2015-03-10,"Utah Jazz","New York Knicks",87,82,5,169,6,8,14
"7238",2015-03-10,"Los Angeles Lakers","Detroit Pistons",93,85,8,178,10,12,22
"7239",2015-03-09,"Charlotte Hornets","Washington Wizards",69,95,-26,164,8,8,16
"7240",2015-03-09,"Atlanta Hawks","Sacramento Kings",130,105,25,235,10,16,26
"7241",2015-03-09,"Miami Heat","Boston Celtics",90,100,-10,190,5,16,21
"7242",2015-03-09,"Chicago Bulls","Memphis Grizzlies",91,101,-10,192,9,7,16
"7243",2015-03-09,"Milwaukee Bucks","New Orleans Pelicans",103,114,-11,217,8,10,18
"7244",2015-03-09,"Denver Nuggets","New York Knicks",106,78,28,184,11,8,19
"7245",2015-03-09,"Phoenix Suns","Golden State Warriors",80,98,-18,178,6,9,15
"7246",2015-03-09,"Los Angeles Clippers","Minnesota Timberwolves",89,76,13,165,9,12,21
"7247",2015-03-08,"San Antonio Spurs","Chicago Bulls",116,105,11,221,8,7,15
"7248",2015-03-08,"Golden State Warriors","Los Angeles Clippers",106,98,8,204,7,9,16
"7249",2015-03-08,"Brooklyn Nets","Utah Jazz",88,95,-7,183,7,12,19
"7250",2015-03-08,"Detroit Pistons","Charlotte Hornets",101,108,-7,209,13,4,17
"7251",2015-03-08,"Orlando Magic","Boston Celtics",103,98,5,201,18,18,36
"7252",2015-03-08,"Oklahoma City Thunder","Toronto Raptors",108,104,4,212,13,12,25
"7253",2015-03-08,"Los Angeles Lakers","Dallas Mavericks",93,100,-7,193,15,6,21
"7254",2015-03-07,"New Orleans Pelicans","Memphis Grizzlies",95,89,6,184,7,8,15
"7255",2015-03-07,"Cleveland Cavaliers","Phoenix Suns",89,79,10,168,12,13,25
"7256",2015-03-07,"Miami Heat","Sacramento Kings",114,109,5,223,4,12,16
"7257",2015-03-07,"New York Knicks","Indiana Pacers",86,92,-6,178,13,12,25
"7258",2015-03-07,"Philadelphia 76ers","Atlanta Hawks",92,84,8,176,17,5,22
"7259",2015-03-07,"Minnesota Timberwolves","Portland Trail Blazers",121,113,8,234,10,9,19
"7260",2015-03-07,"Milwaukee Bucks","Washington Wizards",91,85,6,176,10,14,24
"7261",2015-03-07,"Denver Nuggets","Houston Rockets",100,114,-14,214,12,11,23
"7262",2015-03-06,"Charlotte Hornets","Toronto Raptors",103,94,9,197,11,5,16
"7263",2015-03-06,"Indiana Pacers","Chicago Bulls",98,84,14,182,15,14,29
"7264",2015-03-06,"Orlando Magic","Sacramento Kings",119,114,5,233,8,19,27
"7265",2015-03-06,"Philadelphia 76ers","Utah Jazz",83,89,-6,172,13,12,25
"7266",2015-03-06,"Washington Wizards","Miami Heat",99,97,2,196,10,8,18
"7267",2015-03-06,"Atlanta Hawks","Cleveland Cavaliers",106,97,9,203,11,10,21
"7268",2015-03-06,"Brooklyn Nets","Phoenix Suns",100,108,-8,208,18,12,30
"7269",2015-03-06,"Houston Rockets","Detroit Pistons",103,93,10,196,13,19,32
"7270",2015-03-06,"Memphis Grizzlies","Los Angeles Lakers",97,90,7,187,7,5,12
"7271",2015-03-06,"New Orleans Pelicans","Boston Celtics",98,104,-6,202,9,7,16
"7272",2015-03-06,"San Antonio Spurs","Denver Nuggets",120,111,9,231,3,8,11
"7273",2015-03-06,"Golden State Warriors","Dallas Mavericks",104,89,15,193,9,3,12
"7274",2015-03-05,"Chicago Bulls","Oklahoma City Thunder",108,105,3,213,12,8,20
"7275",2015-03-05,"Portland Trail Blazers","Dallas Mavericks",94,75,19,169,8,6,14
"7276",2015-03-04,"Indiana Pacers","New York Knicks",105,82,23,187,8,11,19
"7277",2015-03-04,"Orlando Magic","Phoenix Suns",100,105,-5,205,9,9,18
"7278",2015-03-04,"Boston Celtics","Utah Jazz",85,84,1,169,12,11,23
"7279",2015-03-04,"Brooklyn Nets","Charlotte Hornets",91,115,-24,206,12,12,24
"7280",2015-03-04,"Toronto Raptors","Cleveland Cavaliers",112,120,-8,232,7,9,16
"7281",2015-03-04,"Houston Rockets","Memphis Grizzlies",100,102,-2,202,12,7,19
"7282",2015-03-04,"Minnesota Timberwolves","Denver Nuggets",85,100,-15,185,12,14,26
"7283",2015-03-04,"New Orleans Pelicans","Detroit Pistons",88,85,3,173,15,16,31
"7284",2015-03-04,"Oklahoma City Thunder","Philadelphia 76ers",123,118,5,241,9,16,25
"7285",2015-03-04,"Miami Heat","Los Angeles Lakers",100,94,6,194,13,7,20
"7286",2015-03-04,"San Antonio Spurs","Sacramento Kings",112,85,27,197,8,8,16
"7287",2015-03-04,"Golden State Warriors","Milwaukee Bucks",102,93,9,195,4,16,20
"7288",2015-03-04,"Los Angeles Clippers","Portland Trail Blazers",93,98,-5,191,9,10,19
"7289",2015-03-03,"New York Knicks","Sacramento Kings",86,124,-38,210,9,8,17
"7290",2015-03-03,"Charlotte Hornets","Los Angeles Lakers",104,103,1,207,5,6,11
"7291",2015-03-03,"Cleveland Cavaliers","Boston Celtics",110,79,31,189,12,11,23
"7292",2015-03-03,"Atlanta Hawks","Houston Rockets",104,96,8,200,9,8,17
"7293",2015-03-03,"Chicago Bulls","Washington Wizards",97,92,5,189,10,10,20
"7294",2015-03-03,"Memphis Grizzlies","Utah Jazz",82,93,-11,175,11,14,25
"7295",2015-03-03,"Denver Nuggets","Milwaukee Bucks",106,95,11,201,8,8,16
"7296",2015-03-02,"Philadelphia 76ers","Toronto Raptors",103,114,-11,217,10,10,20
"7297",2015-03-02,"Brooklyn Nets","Golden State Warriors",110,108,2,218,11,17,28
"7298",2015-03-02,"Miami Heat","Phoenix Suns",115,98,17,213,12,14,26
"7299",2015-03-02,"Minnesota Timberwolves","Los Angeles Clippers",105,110,-5,215,8,9,17
"7300",2015-03-02,"Dallas Mavericks","New Orleans Pelicans",102,93,9,195,9,10,19
"7301",2015-03-01,"Chicago Bulls","Los Angeles Clippers",86,96,-10,182,17,13,30
"7302",2015-03-01,"Houston Rockets","Cleveland Cavaliers",105,103,2,208,8,22,30
"7303",2015-03-01,"Sacramento Kings","Portland Trail Blazers",99,110,-11,209,7,11,18
"7304",2015-03-01,"Boston Celtics","Golden State Warriors",101,106,-5,207,21,15,36
"7305",2015-03-01,"Indiana Pacers","Philadelphia 76ers",94,74,20,168,13,10,23
"7306",2015-03-01,"Orlando Magic","Charlotte Hornets",83,98,-15,181,10,7,17
"7307",2015-03-01,"Los Angeles Lakers","Oklahoma City Thunder",101,108,-7,209,9,16,25
"7308",2015-03-01,"Denver Nuggets","New Orleans Pelicans",92,99,-7,191,16,9,25
"7309",2015-02-28,"Washington Wizards","Detroit Pistons",99,95,4,194,12,9,21
"7310",2015-02-28,"Miami Heat","Atlanta Hawks",91,93,-2,184,14,8,22
"7311",2015-02-28,"New York Knicks","Toronto Raptors",103,98,5,201,8,10,18
"7312",2015-02-28,"Minnesota Timberwolves","Memphis Grizzlies",97,101,-4,198,16,6,22
"7313",2015-02-28,"Dallas Mavericks","Brooklyn Nets",94,104,-10,198,8,12,20
"7314",2015-02-28,"Phoenix Suns","San Antonio Spurs",74,101,-27,175,8,10,18
"7315",2015-02-28,"Utah Jazz","Milwaukee Bucks",82,75,7,157,13,8,21
"7316",2015-02-27,"Indiana Pacers","Cleveland Cavaliers",93,86,7,179,8,14,22
"7317",2015-02-27,"Philadelphia 76ers","Washington Wizards",89,81,8,170,12,13,25
"7318",2015-02-27,"Atlanta Hawks","Orlando Magic",95,88,7,183,11,10,21
"7319",2015-02-27,"Boston Celtics","Charlotte Hornets",106,98,8,204,14,8,22
"7320",2015-02-27,"Detroit Pistons","New York Knicks",115,121,-6,236,16,18,34
"7321",2015-02-27,"Toronto Raptors","Golden State Warriors",89,113,-24,202,8,9,17
"7322",2015-02-27,"Chicago Bulls","Minnesota Timberwolves",96,89,7,185,22,10,32
"7323",2015-02-27,"Houston Rockets","Brooklyn Nets",102,98,4,200,8,12,20
"7324",2015-02-27,"Memphis Grizzlies","Los Angeles Clippers",79,97,-18,176,11,9,20
"7325",2015-02-27,"New Orleans Pelicans","Miami Heat",104,102,2,206,7,6,13
"7326",2015-02-27,"Denver Nuggets","Utah Jazz",82,104,-22,186,16,8,24
"7327",2015-02-27,"Sacramento Kings","San Antonio Spurs",96,107,-11,203,7,10,17
"7328",2015-02-27,"Los Angeles Lakers","Milwaukee Bucks",101,93,8,194,9,13,22
"7329",2015-02-27,"Portland Trail Blazers","Oklahoma City Thunder",115,112,3,227,12,13,25
"7330",2015-02-26,"Cleveland Cavaliers","Golden State Warriors",110,99,11,209,8,14,22
"7331",2015-02-26,"Phoenix Suns","Oklahoma City Thunder",117,113,4,230,10,13,23
"7332",2015-02-25,"Orlando Magic","Miami Heat",90,93,-3,183,12,8,20
"7333",2015-02-25,"Atlanta Hawks","Dallas Mavericks",104,87,17,191,10,13,23
"7334",2015-02-25,"Boston Celtics","New York Knicks",115,94,21,209,8,9,17
"7335",2015-02-25,"Chicago Bulls","Charlotte Hornets",86,98,-12,184,9,12,21
"7336",2015-02-25,"Houston Rockets","Los Angeles Clippers",110,105,5,215,12,12,24
"7337",2015-02-25,"Milwaukee Bucks","Philadelphia 76ers",104,88,16,192,12,12,24
"7338",2015-02-25,"Minnesota Timberwolves","Washington Wizards",97,77,20,174,10,10,20
"7339",2015-02-25,"New Orleans Pelicans","Brooklyn Nets",102,96,6,198,6,8,14
"7340",2015-02-25,"Denver Nuggets","Phoenix Suns",96,110,-14,206,10,23,33
"7341",2015-02-25,"Utah Jazz","Los Angeles Lakers",97,100,-3,197,13,14,27
"7342",2015-02-25,"Sacramento Kings","Memphis Grizzlies",102,90,12,192,13,14,27
"7343",2015-02-25,"Portland Trail Blazers","San Antonio Spurs",111,95,16,206,12,10,22
"7344",2015-02-24,"Washington Wizards","Golden State Warriors",107,114,-7,221,9,4,13
"7345",2015-02-24,"Detroit Pistons","Cleveland Cavaliers",93,102,-9,195,11,4,15
"7346",2015-02-24,"Oklahoma City Thunder","Indiana Pacers",105,92,13,197,15,9,24
"7347",2015-02-24,"Dallas Mavericks","Toronto Raptors",99,92,7,191,8,7,15
"7348",2015-02-23,"Miami Heat","Philadelphia 76ers",119,108,11,227,11,9,20
"7349",2015-02-23,"Chicago Bulls","Milwaukee Bucks",87,71,16,158,18,12,30
"7350",2015-02-23,"Houston Rockets","Minnesota Timberwolves",113,102,11,215,22,20,42
"7351",2015-02-23,"New Orleans Pelicans","Toronto Raptors",100,97,3,197,12,16,28
"7352",2015-02-23,"Denver Nuggets","Brooklyn Nets",82,110,-28,192,19,14,33
"7353",2015-02-23,"Phoenix Suns","Boston Celtics",110,115,-5,225,15,9,24
"7354",2015-02-23,"Utah Jazz","San Antonio Spurs",90,81,9,171,11,12,23
"7355",2015-02-23,"Los Angeles Clippers","Memphis Grizzlies",87,90,-3,177,5,8,13
"7356",2015-02-22,"New York Knicks","Cleveland Cavaliers",83,101,-18,184,19,7,26
"7357",2015-02-22,"Milwaukee Bucks","Atlanta Hawks",86,97,-11,183,8,16,24
"7358",2015-02-22,"Detroit Pistons","Washington Wizards",106,89,17,195,17,11,28
"7359",2015-02-22,"Indiana Pacers","Golden State Warriors",104,98,6,202,7,13,20
"7360",2015-02-22,"Orlando Magic","Philadelphia 76ers",103,98,5,201,12,11,23
"7361",2015-02-22,"Oklahoma City Thunder","Denver Nuggets",119,94,25,213,15,16,31
"7362",2015-02-22,"Dallas Mavericks","Charlotte Hornets",92,81,11,173,6,13,19
"7363",2015-02-22,"Portland Trail Blazers","Memphis Grizzlies",92,98,-6,190,8,8,16
"7364",2015-02-22,"Los Angeles Lakers","Boston Celtics",118,111,7,229,6,13,19
"7365",2015-02-21,"Charlotte Hornets","Oklahoma City Thunder",103,110,-7,213,11,19,30
"7366",2015-02-21,"Miami Heat","New Orleans Pelicans",91,105,-14,196,13,11,24
"7367",2015-02-21,"Chicago Bulls","Phoenix Suns",112,107,5,219,14,8,22
"7368",2015-02-21,"Houston Rockets","Toronto Raptors",98,76,22,174,11,7,18
"7369",2015-02-21,"Los Angeles Clippers","Sacramento Kings",126,99,27,225,11,14,25
"7370",2015-02-20,"Orlando Magic","New Orleans Pelicans",95,84,11,179,9,7,16
"7371",2015-02-20,"Philadelphia 76ers","Indiana Pacers",95,106,-11,201,15,9,24
"7372",2015-02-20,"Atlanta Hawks","Toronto Raptors",80,105,-25,185,17,15,32
"7373",2015-02-20,"Detroit Pistons","Chicago Bulls",100,91,9,191,11,13,24
"7374",2015-02-20,"New York Knicks","Miami Heat",87,111,-24,198,7,11,18
"7375",2015-02-20,"Minnesota Timberwolves","Phoenix Suns",111,109,2,220,17,17,34
"7376",2015-02-20,"Washington Wizards","Cleveland Cavaliers",89,127,-38,216,12,10,22
"7377",2015-02-20,"Dallas Mavericks","Houston Rockets",111,100,11,211,12,14,26
"7378",2015-02-20,"Milwaukee Bucks","Denver Nuggets",89,81,8,170,7,14,21
"7379",2015-02-20,"Utah Jazz","Portland Trail Blazers",92,76,16,168,13,3,16
"7380",2015-02-20,"Sacramento Kings","Boston Celtics",109,101,8,210,17,19,36
"7381",2015-02-20,"Golden State Warriors","San Antonio Spurs",110,99,11,209,7,10,17
"7382",2015-02-20,"Los Angeles Lakers","Brooklyn Nets",105,114,-9,219,14,13,27
"7383",2015-02-19,"Oklahoma City Thunder","Dallas Mavericks",104,89,15,193,21,14,35
"7384",2015-02-19,"Los Angeles Clippers","San Antonio Spurs",119,115,4,234,10,5,15
"7385",2015-02-12,"Chicago Bulls","Cleveland Cavaliers",113,98,15,211,13,10,23
"7386",2015-02-11,"Orlando Magic","New York Knicks",89,83,6,172,7,8,15
"7387",2015-02-11,"Boston Celtics","Atlanta Hawks",89,88,1,177,16,5,21
"7388",2015-02-11,"Detroit Pistons","San Antonio Spurs",87,104,-17,191,10,14,24
"7389",2015-02-11,"Toronto Raptors","Washington Wizards",95,93,2,188,9,15,24
"7390",2015-02-11,"Milwaukee Bucks","Sacramento Kings",111,103,8,214,10,16,26
"7391",2015-02-11,"Minnesota Timberwolves","Golden State Warriors",91,94,-3,185,11,10,21
"7392",2015-02-11,"New Orleans Pelicans","Indiana Pacers",93,106,-13,199,7,7,14
"7393",2015-02-11,"Oklahoma City Thunder","Memphis Grizzlies",105,89,16,194,11,11,22
"7394",2015-02-11,"Cleveland Cavaliers","Miami Heat",113,93,20,206,10,12,22
"7395",2015-02-11,"Dallas Mavericks","Utah Jazz",87,82,5,169,7,14,21
"7396",2015-02-11,"Portland Trail Blazers","Los Angeles Lakers",102,86,16,188,15,14,29
"7397",2015-02-11,"Los Angeles Clippers","Houston Rockets",110,95,15,205,12,14,26
"7398",2015-02-10,"Charlotte Hornets","Detroit Pistons",78,106,-28,184,10,10,20
"7399",2015-02-10,"Phoenix Suns","Houston Rockets",118,127,-9,245,13,15,28
"7400",2015-02-10,"Chicago Bulls","Sacramento Kings",104,86,18,190,5,13,18
"7401",2015-02-10,"Memphis Grizzlies","Brooklyn Nets",95,86,9,181,12,14,26
"7402",2015-02-10,"Los Angeles Lakers","Denver Nuggets",96,106,-10,202,14,4,18
"7403",2015-02-09,"Indiana Pacers","San Antonio Spurs",93,95,-2,188,11,8,19
"7404",2015-02-09,"Philadelphia 76ers","Golden State Warriors",84,89,-5,173,10,6,16
"7405",2015-02-09,"Washington Wizards","Orlando Magic",96,80,16,176,13,8,21
"7406",2015-02-09,"Miami Heat","New York Knicks",109,95,14,204,7,11,18
"7407",2015-02-09,"Milwaukee Bucks","Brooklyn Nets",103,97,6,200,14,8,22
"7408",2015-02-09,"Minnesota Timberwolves","Atlanta Hawks",105,117,-12,222,23,10,33
"7409",2015-02-09,"New Orleans Pelicans","Utah Jazz",96,100,-4,196,15,21,36
"7410",2015-02-09,"Dallas Mavericks","Los Angeles Clippers",98,115,-17,213,14,17,31
"7411",2015-02-09,"Denver Nuggets","Oklahoma City Thunder",114,124,-10,238,12,9,21
"7412",2015-02-08,"Oklahoma City Thunder","Los Angeles Clippers",131,108,23,239,16,8,24
"7413",2015-02-08,"Cleveland Cavaliers","Los Angeles Lakers",120,105,15,225,6,19,25
"7414",2015-02-08,"Memphis Grizzlies","Atlanta Hawks",94,88,6,182,17,3,20
"7415",2015-02-08,"Charlotte Hornets","Indiana Pacers",102,103,-1,205,4,8,12
"7416",2015-02-08,"Detroit Pistons","Minnesota Timberwolves",101,112,-11,213,12,9,21
"7417",2015-02-08,"Orlando Magic","Chicago Bulls",97,98,-1,195,13,7,20
"7418",2015-02-08,"Houston Rockets","Portland Trail Blazers",98,109,-11,207,15,4,19
"7419",2015-02-08,"Toronto Raptors","San Antonio Spurs",87,82,5,169,6,20,26
"7420",2015-02-08,"Sacramento Kings","Phoenix Suns",85,83,2,168,4,11,15
"7421",2015-02-07,"New Orleans Pelicans","Chicago Bulls",72,107,-35,179,12,8,20
"7422",2015-02-07,"Washington Wizards","Brooklyn Nets",114,77,37,191,16,13,29
"7423",2015-02-07,"New York Knicks","Golden State Warriors",92,106,-14,198,15,12,27
"7424",2015-02-07,"Philadelphia 76ers","Charlotte Hornets",89,81,8,170,5,5,10
"7425",2015-02-07,"Dallas Mavericks","Portland Trail Blazers",111,101,10,212,20,17,37
"7426",2015-02-07,"Milwaukee Bucks","Boston Celtics",96,93,3,189,6,11,17
"7427",2015-02-07,"Utah Jazz","Sacramento Kings",102,90,12,192,14,14,28
"7428",2015-02-06,"Brooklyn Nets","New York Knicks",92,88,4,180,10,13,23
"7429",2015-02-06,"Indiana Pacers","Cleveland Cavaliers",103,99,4,202,9,15,24
"7430",2015-02-06,"Orlando Magic","Los Angeles Lakers",103,97,6,200,10,15,25
"7431",2015-02-06,"Toronto Raptors","Los Angeles Clippers",123,107,16,230,10,7,17
"7432",2015-02-06,"Atlanta Hawks","Golden State Warriors",124,116,8,240,4,19,23
"7433",2015-02-06,"Boston Celtics","Philadelphia 76ers",107,96,11,203,11,11,22
"7434",2015-02-06,"Detroit Pistons","Denver Nuggets",98,88,10,186,11,11,22
"7435",2015-02-06,"Houston Rockets","Milwaukee Bucks",117,111,6,228,10,11,21
"7436",2015-02-06,"Minnesota Timberwolves","Memphis Grizzlies",90,89,1,179,12,2,14
"7437",2015-02-06,"Oklahoma City Thunder","New Orleans Pelicans",113,116,-3,229,10,11,21
"7438",2015-02-06,"Phoenix Suns","Utah Jazz",100,93,7,193,10,6,16
"7439",2015-02-06,"San Antonio Spurs","Miami Heat",98,85,13,183,14,10,24
"7440",2015-02-05,"Charlotte Hornets","Washington Wizards",94,87,7,181,12,9,21
"7441",2015-02-05,"Cleveland Cavaliers","Los Angeles Clippers",105,94,11,199,14,14,28
"7442",2015-02-05,"Sacramento Kings","Dallas Mavericks",78,101,-23,179,7,8,15
"7443",2015-02-05,"Portland Trail Blazers","Phoenix Suns",108,87,21,195,13,11,24
"7444",2015-02-04,"Indiana Pacers","Detroit Pistons",114,109,5,223,8,12,20
"7445",2015-02-04,"Atlanta Hawks","Washington Wizards",105,96,9,201,9,5,14
"7446",2015-02-04,"Boston Celtics","Denver Nuggets",104,100,4,204,19,14,33
"7447",2015-02-04,"Toronto Raptors","Brooklyn Nets",93,109,-16,202,9,10,19
"7448",2015-02-04,"Houston Rockets","Chicago Bulls",101,90,11,191,11,18,29
"7449",2015-02-04,"Milwaukee Bucks","Los Angeles Lakers",113,105,8,218,5,18,23
"7450",2015-02-04,"Minnesota Timberwolves","Miami Heat",102,101,1,203,3,15,18
"7451",2015-02-04,"New Orleans Pelicans","Oklahoma City Thunder",91,102,-11,193,19,12,31
"7452",2015-02-04,"San Antonio Spurs","Orlando Magic",110,103,7,213,6,5,11
"7453",2015-02-04,"Utah Jazz","Memphis Grizzlies",90,100,-10,190,9,11,20
"7454",2015-02-04,"Golden State Warriors","Dallas Mavericks",128,114,14,242,10,14,24
"7455",2015-02-03,"Philadelphia 76ers","Denver Nuggets",105,98,7,203,7,8,15
"7456",2015-02-03,"Detroit Pistons","Miami Heat",108,91,17,199,14,8,22
"7457",2015-02-03,"New York Knicks","Boston Celtics",97,108,-11,205,12,11,23
"7458",2015-02-03,"Portland Trail Blazers","Utah Jazz",103,102,1,205,12,14,26
"7459",2015-02-03,"Sacramento Kings","Golden State Warriors",96,121,-25,217,6,14,20
"7460",2015-02-02,"Cleveland Cavaliers","Philadelphia 76ers",97,84,13,181,11,11,22
"7461",2015-02-02,"Washington Wizards","Charlotte Hornets",88,92,-4,180,10,6,16
"7462",2015-02-02,"Brooklyn Nets","Los Angeles Clippers",102,100,2,202,10,15,25
"7463",2015-02-02,"Toronto Raptors","Milwaukee Bucks",75,82,-7,157,13,7,20
"7464",2015-02-02,"New Orleans Pelicans","Atlanta Hawks",115,100,15,215,17,9,26
"7465",2015-02-02,"Oklahoma City Thunder","Orlando Magic",104,97,7,201,8,14,22
"7466",2015-02-02,"Dallas Mavericks","Minnesota Timberwolves",100,94,6,194,12,16,28
"7467",2015-02-02,"Phoenix Suns","Memphis Grizzlies",101,102,-1,203,11,16,27
"7468",2015-02-01,"Boston Celtics","Miami Heat",75,83,-8,158,8,10,18
"7469",2015-02-01,"New York Knicks","Los Angeles Lakers",92,80,12,172,11,10,21
"7470",2015-01-31,"Indiana Pacers","Sacramento Kings",94,99,-5,193,9,9,18
"7471",2015-01-31,"Orlando Magic","Dallas Mavericks",93,108,-15,201,11,3,14
"7472",2015-01-31,"Washington Wizards","Toronto Raptors",116,120,-4,236,12,6,18
"7473",2015-01-31,"Atlanta Hawks","Philadelphia 76ers",91,85,6,176,8,10,18
"7474",2015-01-31,"Detroit Pistons","Houston Rockets",114,101,13,215,12,11,23
"7475",2015-01-31,"Memphis Grizzlies","Oklahoma City Thunder",85,74,11,159,20,12,32
"7476",2015-01-31,"Minnesota Timberwolves","Cleveland Cavaliers",90,106,-16,196,12,18,30
"7477",2015-01-31,"Milwaukee Bucks","Portland Trail Blazers",95,88,7,183,9,11,20
"7478",2015-01-31,"Denver Nuggets","Charlotte Hornets",86,104,-18,190,8,10,18
"7479",2015-01-31,"San Antonio Spurs","Los Angeles Clippers",85,105,-20,190,4,16,20
"7480",2015-01-31,"Golden State Warriors","Phoenix Suns",106,87,19,193,9,15,24
"7481",2015-01-30,"Philadelphia 76ers","Minnesota Timberwolves",103,94,9,197,7,11,18
"7482",2015-01-30,"Atlanta Hawks","Portland Trail Blazers",105,99,6,204,7,9,16
"7483",2015-01-30,"Boston Celtics","Houston Rockets",87,93,-6,180,14,12,26
"7484",2015-01-30,"Brooklyn Nets","Toronto Raptors",122,127,-5,249,14,9,23
"7485",2015-01-30,"Cleveland Cavaliers","Sacramento Kings",101,90,11,191,7,14,21
"7486",2015-01-30,"New Orleans Pelicans","Los Angeles Clippers",108,103,5,211,14,9,23
"7487",2015-01-30,"Miami Heat","Dallas Mavericks",72,93,-21,165,17,13,30
"7488",2015-01-30,"Utah Jazz","Golden State Warriors",110,100,10,210,17,11,28
"7489",2015-01-30,"Phoenix Suns","Chicago Bulls",99,93,6,192,11,12,23
"7490",2015-01-29,"Orlando Magic","Milwaukee Bucks",100,115,-15,215,14,7,21
"7491",2015-01-29,"Indiana Pacers","New York Knicks",103,82,21,185,8,6,14
"7492",2015-01-29,"Memphis Grizzlies","Denver Nuggets",99,69,30,168,13,10,23
"7493",2015-01-29,"Los Angeles Lakers","Chicago Bulls",123,118,5,241,18,17,35
"7494",2015-01-28,"Cleveland Cavaliers","Portland Trail Blazers",99,94,5,193,14,11,25
"7495",2015-01-28,"Philadelphia 76ers","Detroit Pistons",89,69,20,158,13,14,27
"7496",2015-01-28,"Toronto Raptors","Sacramento Kings",119,102,17,221,11,6,17
"7497",2015-01-28,"Atlanta Hawks","Brooklyn Nets",113,102,11,215,12,9,21
"7498",2015-01-28,"Houston Rockets","Dallas Mavericks",99,94,5,193,11,10,21
"7499",2015-01-28,"Minnesota Timberwolves","Boston Celtics",110,98,12,208,6,9,15
"7500",2015-01-28,"New Orleans Pelicans","Denver Nuggets",85,93,-8,178,17,8,25
"7501",2015-01-28,"New York Knicks","Oklahoma City Thunder",100,92,8,192,11,10,21
"7502",2015-01-28,"San Antonio Spurs","Charlotte Hornets",95,86,9,181,10,8,18
"7503",2015-01-28,"Utah Jazz","Los Angeles Clippers",89,94,-5,183,16,10,26
"7504",2015-01-28,"Phoenix Suns","Washington Wizards",106,98,8,204,7,15,22
"7505",2015-01-27,"Indiana Pacers","Toronto Raptors",91,104,-13,195,11,8,19
"7506",2015-01-27,"Detroit Pistons","Cleveland Cavaliers",95,103,-8,198,16,13,29
"7507",2015-01-27,"Miami Heat","Milwaukee Bucks",102,109,-7,211,5,4,9
"7508",2015-01-27,"Dallas Mavericks","Memphis Grizzlies",90,109,-19,199,8,9,17
"7509",2015-01-27,"Golden State Warriors","Chicago Bulls",111,113,-2,224,15,19,34
"7510",2015-01-27,"Los Angeles Lakers","Washington Wizards",92,98,-6,190,8,9,17
"7511",2015-01-26,"Memphis Grizzlies","Orlando Magic",103,94,9,197,7,13,20
"7512",2015-01-26,"New Orleans Pelicans","Philadelphia 76ers",99,74,25,173,17,13,30
"7513",2015-01-26,"Oklahoma City Thunder","Minnesota Timberwolves",92,84,8,176,14,15,29
"7514",2015-01-26,"Utah Jazz","Boston Celtics",90,99,-9,189,10,5,15
"7515",2015-01-26,"Los Angeles Clippers","Denver Nuggets",102,98,4,200,10,8,18
"7516",2015-01-25,"Chicago Bulls","Miami Heat",84,96,-12,180,14,13,27
"7517",2015-01-25,"Cleveland Cavaliers","Oklahoma City Thunder",108,98,10,206,11,10,21
"7518",2015-01-25,"Phoenix Suns","Los Angeles Clippers",100,120,-20,220,5,14,19
"7519",2015-01-25,"New Orleans Pelicans","Dallas Mavericks",109,106,3,215,11,13,24
"7520",2015-01-25,"Atlanta Hawks","Minnesota Timberwolves",112,100,12,212,8,11,19
"7521",2015-01-25,"Orlando Magic","Indiana Pacers",99,106,-7,205,3,9,12
"7522",2015-01-25,"San Antonio Spurs","Milwaukee Bucks",101,95,6,196,14,13,27
"7523",2015-01-25,"Toronto Raptors","Detroit Pistons",114,110,4,224,6,14,20
"7524",2015-01-25,"Golden State Warriors","Boston Celtics",114,111,3,225,9,13,22
"7525",2015-01-25,"Denver Nuggets","Washington Wizards",115,117,-2,232,14,10,24
"7526",2015-01-25,"Los Angeles Lakers","Houston Rockets",87,99,-12,186,13,11,24
"7527",2015-01-24,"Charlotte Hornets","New York Knicks",76,71,5,147,10,14,24
"7528",2015-01-24,"Milwaukee Bucks","Detroit Pistons",101,86,15,187,9,16,25
"7529",2015-01-24,"Memphis Grizzlies","Philadelphia 76ers",101,83,18,184,9,15,24
"7530",2015-01-24,"Utah Jazz","Brooklyn Nets",108,73,35,181,6,8,14
"7531",2015-01-24,"Portland Trail Blazers","Washington Wizards",103,96,7,199,8,2,10
"7532",2015-01-23,"Philadelphia 76ers","Toronto Raptors",86,91,-5,177,15,13,28
"7533",2015-01-23,"Atlanta Hawks","Oklahoma City Thunder",103,93,10,196,10,9,19
"7534",2015-01-23,"Cleveland Cavaliers","Charlotte Hornets",129,90,39,219,11,12,23
"7535",2015-01-23,"Miami Heat","Indiana Pacers",89,87,2,176,4,8,12
"7536",2015-01-23,"New York Knicks","Orlando Magic",113,106,7,219,12,8,20
"7537",2015-01-23,"Dallas Mavericks","Chicago Bulls",98,102,-4,200,9,15,24
"7538",2015-01-23,"Minnesota Timberwolves","New Orleans Pelicans",84,92,-8,176,9,6,15
"7539",2015-01-23,"San Antonio Spurs","Los Angeles Lakers",99,85,14,184,12,8,20
"7540",2015-01-23,"Denver Nuggets","Boston Celtics",99,100,-1,199,17,8,25
"7541",2015-01-23,"Phoenix Suns","Houston Rockets",111,113,-2,224,13,6,19
"7542",2015-01-23,"Golden State Warriors","Sacramento Kings",126,101,25,227,12,11,23
"7543",2015-01-22,"Chicago Bulls","San Antonio Spurs",104,81,23,185,8,9,17
"7544",2015-01-22,"Milwaukee Bucks","Utah Jazz",99,101,-2,200,15,12,27
"7545",2015-01-22,"Portland Trail Blazers","Boston Celtics",89,90,-1,179,13,10,23
"7546",2015-01-22,"Los Angeles Clippers","Brooklyn Nets",123,84,39,207,9,15,24
"7547",2015-01-21,"Charlotte Hornets","Miami Heat",78,76,2,154,20,10,30
"7548",2015-01-21,"Cleveland Cavaliers","Utah Jazz",106,92,14,198,15,16,31
"7549",2015-01-21,"Philadelphia 76ers","New York Knicks",91,98,-7,189,15,18,33
"7550",2015-01-21,"Atlanta Hawks","Indiana Pacers",110,91,19,201,9,10,19
"7551",2015-01-21,"Detroit Pistons","Orlando Magic",128,118,10,246,11,13,24
"7552",2015-01-21,"Memphis Grizzlies","Toronto Raptors",92,86,6,178,9,21,30
"7553",2015-01-21,"Minnesota Timberwolves","Dallas Mavericks",75,98,-23,173,16,6,22
"7554",2015-01-21,"New Orleans Pelicans","Los Angeles Lakers",96,80,16,176,10,10,20
"7555",2015-01-21,"Washington Wizards","Oklahoma City Thunder",103,105,-2,208,13,11,24
"7556",2015-01-21,"Phoenix Suns","Portland Trail Blazers",118,113,5,231,11,10,21
"7557",2015-01-21,"Sacramento Kings","Brooklyn Nets",100,103,-3,203,10,10,20
"7558",2015-01-21,"Golden State Warriors","Houston Rockets",126,113,13,239,16,17,33
"7559",2015-01-20,"Miami Heat","Oklahoma City Thunder",86,94,-8,180,4,12,16
"7560",2015-01-20,"Denver Nuggets","San Antonio Spurs",99,109,-10,208,12,14,26
"7561",2015-01-19,"Charlotte Hornets","Minnesota Timberwolves",105,80,25,185,10,10,20
"7562",2015-01-19,"Washington Wizards","Philadelphia 76ers",111,76,35,187,13,10,23
"7563",2015-01-19,"Atlanta Hawks","Detroit Pistons",93,82,11,175,5,20,25
"7564",2015-01-19,"Los Angeles Clippers","Boston Celtics",102,93,9,195,10,12,22
"7565",2015-01-19,"Golden State Warriors","Denver Nuggets",122,79,43,201,7,8,15
"7566",2015-01-19,"Memphis Grizzlies","Dallas Mavericks",95,103,-8,198,9,12,21
"7567",2015-01-19,"Houston Rockets","Indiana Pacers",110,98,12,208,7,11,18
"7568",2015-01-19,"New York Knicks","New Orleans Pelicans",99,92,7,191,9,20,29
"7569",2015-01-19,"Cleveland Cavaliers","Chicago Bulls",108,94,14,202,20,11,31
"7570",2015-01-19,"Milwaukee Bucks","Toronto Raptors",89,92,-3,181,11,20,31
"7571",2015-01-19,"Portland Trail Blazers","Sacramento Kings",98,94,4,192,9,11,20
"7572",2015-01-19,"Phoenix Suns","Los Angeles Lakers",115,100,15,215,10,13,23
"7573",2015-01-18,"Toronto Raptors","New Orleans Pelicans",93,95,-2,188,7,11,18
"7574",2015-01-18,"Orlando Magic","Oklahoma City Thunder",99,127,-28,226,10,10,20
"7575",2015-01-18,"San Antonio Spurs","Utah Jazz",89,69,20,158,11,12,23
"7576",2015-01-17,"Charlotte Hornets","Indiana Pacers",80,71,9,151,14,7,21
"7577",2015-01-17,"Detroit Pistons","Philadelphia 76ers",107,89,18,196,18,10,28
"7578",2015-01-17,"Chicago Bulls","Atlanta Hawks",99,107,-8,206,7,9,16
"7579",2015-01-17,"Houston Rockets","Golden State Warriors",106,131,-25,237,10,12,22
"7580",2015-01-17,"Brooklyn Nets","Washington Wizards",90,99,-9,189,11,13,24
"7581",2015-01-17,"Memphis Grizzlies","Portland Trail Blazers",102,98,4,200,11,15,26
"7582",2015-01-17,"Denver Nuggets","Minnesota Timberwolves",105,113,-8,218,13,8,21
"7583",2015-01-17,"Sacramento Kings","Los Angeles Clippers",108,117,-9,225,22,11,33
"7584",2015-01-16,"Indiana Pacers","Detroit Pistons",96,98,-2,194,12,15,27
"7585",2015-01-16,"Orlando Magic","Memphis Grizzlies",96,106,-10,202,5,9,14
"7586",2015-01-16,"Philadelphia 76ers","New Orleans Pelicans",96,81,15,177,9,15,24
"7587",2015-01-16,"Washington Wizards","Brooklyn Nets",80,102,-22,182,8,8,16
"7588",2015-01-16,"Boston Celtics","Chicago Bulls",103,119,-16,222,11,8,19
"7589",2015-01-16,"Toronto Raptors","Atlanta Hawks",89,110,-21,199,12,4,16
"7590",2015-01-16,"Oklahoma City Thunder","Golden State Warriors",127,115,12,242,16,13,29
"7591",2015-01-16,"Dallas Mavericks","Denver Nuggets",97,89,8,186,10,13,23
"7592",2015-01-16,"San Antonio Spurs","Portland Trail Blazers",110,96,14,206,15,2,17
"7593",2015-01-16,"Phoenix Suns","Minnesota Timberwolves",110,99,11,209,15,13,28
"7594",2015-01-16,"Utah Jazz","Los Angeles Lakers",94,85,9,179,12,8,20
"7595",2015-01-16,"Sacramento Kings","Miami Heat",83,95,-12,178,6,6,12
"7596",2015-01-16,"Los Angeles Clippers","Cleveland Cavaliers",121,126,-5,247,17,12,29
"7597",2015-01-15,"Milwaukee Bucks","New York Knicks",95,79,16,174,14,5,19
"7598",2015-01-15,"Houston Rockets","Oklahoma City Thunder",112,101,11,213,11,10,21
"7599",2015-01-15,"Los Angeles Lakers","Cleveland Cavaliers",102,109,-7,211,8,12,20
"7600",2015-01-14,"Charlotte Hornets","San Antonio Spurs",93,98,-5,191,15,6,21
"7601",2015-01-14,"Orlando Magic","Houston Rockets",120,113,7,233,10,10,20
"7602",2015-01-14,"Brooklyn Nets","Memphis Grizzlies",92,103,-11,195,6,14,20
"7603",2015-01-14,"Detroit Pistons","New Orleans Pelicans",94,105,-11,199,3,11,14
"7604",2015-01-14,"Toronto Raptors","Philadelphia 76ers",100,84,16,184,10,11,21
"7605",2015-01-14,"Chicago Bulls","Washington Wizards",99,105,-6,204,8,10,18
"7606",2015-01-14,"Boston Celtics","Atlanta Hawks",91,105,-14,196,13,6,19
"7607",2015-01-14,"Denver Nuggets","Dallas Mavericks",114,107,7,221,11,10,21
"7608",2015-01-14,"Golden State Warriors","Miami Heat",104,89,15,193,10,11,21
"7609",2015-01-14,"Portland Trail Blazers","Los Angeles Clippers",94,100,-6,194,11,7,18
"7610",2015-01-13,"Indiana Pacers","Minnesota Timberwolves",101,110,-9,211,10,7,17
"7611",2015-01-13,"Philadelphia 76ers","Atlanta Hawks",87,105,-18,192,12,15,27
"7612",2015-01-13,"Washington Wizards","San Antonio Spurs",101,93,8,194,8,8,16
"7613",2015-01-13,"Phoenix Suns","Cleveland Cavaliers",107,100,7,207,9,16,25
"7614",2015-01-13,"Utah Jazz","Golden State Warriors",105,116,-11,221,11,6,17
"7615",2015-01-13,"Sacramento Kings","Dallas Mavericks",104,108,-4,212,12,12,24
"7616",2015-01-13,"Los Angeles Lakers","Miami Heat",75,78,-3,153,13,9,22
"7617",2015-01-12,"Boston Celtics","New Orleans Pelicans",108,100,8,208,17,16,33
"7618",2015-01-12,"Brooklyn Nets","Houston Rockets",99,113,-14,212,11,12,23
"7619",2015-01-12,"Toronto Raptors","Detroit Pistons",111,114,-3,225,10,17,27
"7620",2015-01-12,"Chicago Bulls","Orlando Magic",114,121,-7,235,11,2,13
"7621",2015-01-11,"Atlanta Hawks","Washington Wizards",120,89,31,209,13,8,21
"7622",2015-01-11,"Los Angeles Clippers","Miami Heat",90,104,-14,194,6,15,21
"7623",2015-01-11,"Memphis Grizzlies","Phoenix Suns",122,110,12,232,11,9,20
"7624",2015-01-11,"Sacramento Kings","Cleveland Cavaliers",103,84,19,187,7,6,13
"7625",2015-01-11,"Los Angeles Lakers","Portland Trail Blazers",94,106,-12,200,7,6,13
"7626",2015-01-10,"New York Knicks","Charlotte Hornets",82,110,-28,192,4,11,15
"7627",2015-01-10,"Los Angeles Clippers","Dallas Mavericks",120,100,20,220,9,8,17
"7628",2015-01-10,"Detroit Pistons","Brooklyn Nets",98,93,5,191,9,9,18
"7629",2015-01-10,"Philadelphia 76ers","Indiana Pacers",93,92,1,185,12,19,31
"7630",2015-01-10,"Toronto Raptors","Boston Celtics",109,96,13,205,15,9,24
"7631",2015-01-10,"Chicago Bulls","Milwaukee Bucks",95,87,8,182,22,12,34
"7632",2015-01-10,"Houston Rockets","Utah Jazz",97,82,15,179,8,9,17
"7633",2015-01-10,"Minnesota Timberwolves","San Antonio Spurs",93,108,-15,201,7,9,16
"7634",2015-01-10,"Portland Trail Blazers","Orlando Magic",103,92,11,195,6,17,23
"7635",2015-01-09,"Indiana Pacers","Boston Celtics",107,103,4,210,16,13,29
"7636",2015-01-09,"Brooklyn Nets","Philadelphia 76ers",88,90,-2,178,9,11,20
"7637",2015-01-09,"Detroit Pistons","Atlanta Hawks",103,106,-3,209,11,6,17
"7638",2015-01-09,"New Orleans Pelicans","Memphis Grizzlies",106,95,11,201,13,13,26
"7639",2015-01-09,"Oklahoma City Thunder","Utah Jazz",99,94,5,193,9,9,18
"7640",2015-01-09,"Washington Wizards","Chicago Bulls",102,86,16,188,12,11,23
"7641",2015-01-09,"Milwaukee Bucks","Minnesota Timberwolves",98,84,14,182,9,13,22
"7642",2015-01-09,"San Antonio Spurs","Phoenix Suns",100,95,5,195,7,9,16
"7643",2015-01-09,"Sacramento Kings","Denver Nuggets",108,118,-10,226,12,10,22
"7644",2015-01-09,"Golden State Warriors","Cleveland Cavaliers",112,94,18,206,9,14,23
"7645",2015-01-09,"Los Angeles Lakers","Orlando Magic",101,84,17,185,18,4,22
"7646",2015-01-08,"Toronto Raptors","Charlotte Hornets",95,103,-8,198,8,9,17
"7647",2015-01-08,"New York Knicks","Houston Rockets",96,120,-24,216,10,7,17
"7648",2015-01-08,"Portland Trail Blazers","Miami Heat",99,83,16,182,15,10,25
"7649",2015-01-07,"Charlotte Hornets","New Orleans Pelicans",98,94,4,192,9,9,18
"7650",2015-01-07,"Cleveland Cavaliers","Houston Rockets",93,105,-12,198,13,19,32
"7651",2015-01-07,"Philadelphia 76ers","Milwaukee Bucks",77,97,-20,174,15,7,22
"7652",2015-01-07,"Washington Wizards","New York Knicks",101,91,10,192,9,10,19
"7653",2015-01-07,"Atlanta Hawks","Memphis Grizzlies",96,86,10,182,8,8,16
"7654",2015-01-07,"Brooklyn Nets","Boston Celtics",81,89,-8,170,11,11,22
"7655",2015-01-07,"Chicago Bulls","Utah Jazz",77,97,-20,174,16,14,30
"7656",2015-01-07,"Dallas Mavericks","Detroit Pistons",95,108,-13,203,9,18,27
"7657",2015-01-07,"Denver Nuggets","Orlando Magic",93,90,3,183,6,10,16
"7658",2015-01-07,"Minnesota Timberwolves","Phoenix Suns",111,113,-2,224,16,14,30
"7659",2015-01-07,"Sacramento Kings","Oklahoma City Thunder",104,83,21,187,13,15,28
"7660",2015-01-07,"Golden State Warriors","Indiana Pacers",117,102,15,219,10,5,15
"7661",2015-01-07,"Los Angeles Clippers","Los Angeles Lakers",114,89,25,203,8,9,17
"7662",2015-01-06,"Milwaukee Bucks","Phoenix Suns",96,102,-6,198,13,12,25
"7663",2015-01-06,"San Antonio Spurs","Detroit Pistons",104,105,-1,209,13,15,28
"7664",2015-01-05,"Philadelphia 76ers","Cleveland Cavaliers",95,92,3,187,8,13,21
"7665",2015-01-05,"Boston Celtics","Charlotte Hornets",95,104,-9,199,10,12,22
"7666",2015-01-05,"Brooklyn Nets","Dallas Mavericks",88,96,-8,184,7,14,21
"7667",2015-01-05,"Chicago Bulls","Houston Rockets",114,105,9,219,17,16,33
"7668",2015-01-05,"Memphis Grizzlies","New York Knicks",105,83,22,188,11,7,18
"7669",2015-01-05,"Minnesota Timberwolves","Denver Nuggets",101,110,-9,211,15,9,24
"7670",2015-01-05,"New Orleans Pelicans","Washington Wizards",85,92,-7,177,10,11,21
"7671",2015-01-05,"Utah Jazz","Indiana Pacers",101,105,-4,206,14,8,22
"7672",2015-01-05,"Portland Trail Blazers","Los Angeles Lakers",98,94,4,192,10,11,21
"7673",2015-01-05,"Golden State Warriors","Oklahoma City Thunder",117,91,26,208,10,20,30
"7674",2015-01-05,"Los Angeles Clippers","Atlanta Hawks",98,107,-9,205,8,7,15
"7675",2015-01-04,"Cleveland Cavaliers","Dallas Mavericks",90,109,-19,199,12,4,16
"7676",2015-01-04,"Detroit Pistons","Sacramento Kings",114,95,19,209,8,5,13
"7677",2015-01-04,"Miami Heat","Brooklyn Nets",88,84,4,172,8,10,18
"7678",2015-01-04,"New York Knicks","Milwaukee Bucks",82,95,-13,177,7,14,21
"7679",2015-01-04,"Phoenix Suns","Toronto Raptors",125,109,16,234,8,9,17
"7680",2015-01-04,"Los Angeles Lakers","Indiana Pacers",88,87,1,175,5,16,21
"7681",2015-01-03,"Orlando Magic","Charlotte Hornets",90,98,-8,188,12,16,28
"7682",2015-01-03,"Chicago Bulls","Boston Celtics",109,104,5,213,24,10,34
"7683",2015-01-03,"Houston Rockets","Miami Heat",115,79,36,194,17,8,25
"7684",2015-01-03,"Minnesota Timberwolves","Utah Jazz",89,101,-12,190,14,11,25
"7685",2015-01-03,"San Antonio Spurs","Washington Wizards",101,92,9,193,9,9,18
"7686",2015-01-03,"Denver Nuggets","Memphis Grizzlies",114,85,29,199,8,8,16
"7687",2015-01-03,"Portland Trail Blazers","Atlanta Hawks",107,115,-8,222,11,10,21
"7688",2015-01-03,"Los Angeles Clippers","Philadelphia 76ers",127,91,36,218,9,15,24
"7689",2015-01-02,"Charlotte Hornets","Cleveland Cavaliers",87,91,-4,178,15,13,28
"7690",2015-01-02,"Orlando Magic","Brooklyn Nets",98,100,-2,198,8,4,12
"7691",2015-01-02,"Boston Celtics","Dallas Mavericks",101,119,-18,220,9,16,25
"7692",2015-01-02,"New York Knicks","Detroit Pistons",81,97,-16,178,17,9,26
"7693",2015-01-02,"New Orleans Pelicans","Houston Rockets",111,83,28,194,12,13,25
"7694",2015-01-02,"Oklahoma City Thunder","Washington Wizards",109,102,7,211,6,8,14
"7695",2015-01-02,"Milwaukee Bucks","Indiana Pacers",91,94,-3,185,10,10,20
"7696",2015-01-02,"Phoenix Suns","Philadelphia 76ers",112,96,16,208,13,16,29
"7697",2015-01-02,"Utah Jazz","Atlanta Hawks",92,98,-6,190,17,11,28
"7698",2015-01-02,"Golden State Warriors","Toronto Raptors",126,105,21,231,14,11,25
"7699",2015-01-02,"Los Angeles Lakers","Memphis Grizzlies",106,109,-3,215,5,13,18
"7700",2015-01-01,"Chicago Bulls","Denver Nuggets",106,101,5,207,13,17,30
"7701",2015-01-01,"Minnesota Timberwolves","Sacramento Kings",107,110,-3,217,15,10,25
"7702",2014-12-31,"Boston Celtics","Sacramento Kings",106,84,22,190,9,11,20
"7703",2014-12-31,"Indiana Pacers","Miami Heat",106,95,11,201,11,8,19
"7704",2014-12-31,"Los Angeles Clippers","New York Knicks",99,78,21,177,5,7,12
"7705",2014-12-31,"Houston Rockets","Charlotte Hornets",102,83,19,185,10,7,17
"7706",2014-12-31,"Cleveland Cavaliers","Milwaukee Bucks",80,96,-16,176,13,13,26
"7707",2014-12-31,"San Antonio Spurs","New Orleans Pelicans",95,93,2,188,8,11,19
"7708",2014-12-31,"Oklahoma City Thunder","Phoenix Suns",137,134,3,271,19,7,26
"7709",2014-12-30,"Orlando Magic","Detroit Pistons",86,109,-23,195,7,16,23
"7710",2014-12-30,"Atlanta Hawks","Cleveland Cavaliers",109,101,8,210,7,11,18
"7711",2014-12-30,"Chicago Bulls","Brooklyn Nets",82,96,-14,178,13,10,23
"7712",2014-12-30,"Memphis Grizzlies","San Antonio Spurs",95,87,8,182,7,10,17
"7713",2014-12-30,"New Orleans Pelicans","Phoenix Suns",110,106,4,216,13,11,24
"7714",2014-12-30,"Dallas Mavericks","Washington Wizards",114,87,27,201,3,10,13
"7715",2014-12-30,"Denver Nuggets","Los Angeles Lakers",103,111,-8,214,11,4,15
"7716",2014-12-30,"Utah Jazz","Minnesota Timberwolves",100,94,6,194,11,8,19
"7717",2014-12-30,"Portland Trail Blazers","Toronto Raptors",102,97,5,199,15,13,28
"7718",2014-12-30,"Golden State Warriors","Philadelphia 76ers",126,86,40,212,8,18,26
"7719",2014-12-29,"Charlotte Hornets","Milwaukee Bucks",94,104,-10,198,9,2,11
"7720",2014-12-29,"Indiana Pacers","Chicago Bulls",90,92,-2,182,7,14,21
"7721",2014-12-29,"Brooklyn Nets","Sacramento Kings",107,99,8,206,14,11,25
"7722",2014-12-29,"Miami Heat","Orlando Magic",101,102,-1,203,6,8,14
"7723",2014-12-29,"Houston Rockets","Washington Wizards",103,104,-1,207,12,6,18
"7724",2014-12-29,"Los Angeles Clippers","Utah Jazz",101,97,4,198,7,18,25
"7725",2014-12-28,"Cleveland Cavaliers","Detroit Pistons",80,103,-23,183,10,14,24
"7726",2014-12-28,"San Antonio Spurs","Houston Rockets",110,106,4,216,11,12,23
"7727",2014-12-28,"Dallas Mavericks","Oklahoma City Thunder",112,107,5,219,7,14,21
"7728",2014-12-28,"Portland Trail Blazers","New York Knicks",101,79,22,180,7,15,22
"7729",2014-12-28,"Denver Nuggets","Toronto Raptors",102,116,-14,218,15,13,28
"7730",2014-12-28,"Los Angeles Lakers","Phoenix Suns",107,116,-9,223,4,8,12
"7731",2014-12-27,"Los Angeles Clippers","Toronto Raptors",98,110,-12,208,9,12,21
"7732",2014-12-27,"Charlotte Hornets","Orlando Magic",94,102,-8,196,9,5,14
"7733",2014-12-27,"Washington Wizards","Boston Celtics",101,88,13,189,9,8,17
"7734",2014-12-27,"Miami Heat","Memphis Grizzlies",95,103,-8,198,7,9,16
"7735",2014-12-27,"Chicago Bulls","New Orleans Pelicans",107,100,7,207,15,10,25
"7736",2014-12-27,"Brooklyn Nets","Indiana Pacers",85,110,-25,195,5,7,12
"7737",2014-12-27,"Milwaukee Bucks","Atlanta Hawks",85,90,-5,175,13,17,30
"7738",2014-12-27,"Utah Jazz","Philadelphia 76ers",88,71,17,159,14,10,24
"7739",2014-12-27,"Sacramento Kings","New York Knicks",135,129,6,264,10,16,26
"7740",2014-12-27,"Golden State Warriors","Minnesota Timberwolves",110,97,13,207,9,13,22
"7741",2014-12-26,"Boston Celtics","Brooklyn Nets",107,109,-2,216,5,13,18
"7742",2014-12-26,"Orlando Magic","Cleveland Cavaliers",89,98,-9,187,5,8,13
"7743",2014-12-26,"Atlanta Hawks","Milwaukee Bucks",77,107,-30,184,8,6,14
"7744",2014-12-26,"Detroit Pistons","Indiana Pacers",119,109,10,228,12,11,23
"7745",2014-12-26,"Memphis Grizzlies","Houston Rockets",111,117,-6,228,15,13,28
"7746",2014-12-26,"New Orleans Pelicans","San Antonio Spurs",97,90,7,187,7,1,8
"7747",2014-12-26,"Oklahoma City Thunder","Charlotte Hornets",98,75,23,173,13,15,28
"7748",2014-12-26,"Dallas Mavericks","Los Angeles Lakers",102,98,4,200,6,24,30
"7749",2014-12-26,"Denver Nuggets","Minnesota Timberwolves",106,102,4,208,22,14,36
"7750",2014-12-26,"Portland Trail Blazers","Philadelphia 76ers",114,93,21,207,9,9,18
"7751",2014-12-26,"Sacramento Kings","Phoenix Suns",106,115,-9,221,18,16,34
"7752",2014-12-25,"New York Knicks","Washington Wizards",91,102,-11,193,6,13,19
"7753",2014-12-25,"San Antonio Spurs","Oklahoma City Thunder",106,114,-8,220,10,16,26
"7754",2014-12-25,"Miami Heat","Cleveland Cavaliers",101,91,10,192,12,11,23
"7755",2014-12-25,"Chicago Bulls","Los Angeles Lakers",113,93,20,206,20,16,36
"7756",2014-12-25,"Los Angeles Clippers","Golden State Warriors",100,86,14,186,11,8,19
"7757",2014-12-23,"Cleveland Cavaliers","Minnesota Timberwolves",125,104,21,229,12,16,28
"7758",2014-12-23,"Indiana Pacers","New Orleans Pelicans",96,84,12,180,3,9,12
"7759",2014-12-23,"Orlando Magic","Boston Celtics",100,95,5,195,7,9,16
"7760",2014-12-23,"Washington Wizards","Chicago Bulls",91,99,-8,190,7,8,15
"7761",2014-12-23,"Atlanta Hawks","Los Angeles Clippers",107,104,3,211,9,16,25
"7762",2014-12-23,"Brooklyn Nets","Denver Nuggets",102,96,6,198,12,14,26
"7763",2014-12-23,"Miami Heat","Philadelphia 76ers",87,91,-4,178,14,14,28
"7764",2014-12-23,"Milwaukee Bucks","Charlotte Hornets",101,108,-7,209,9,11,20
"7765",2014-12-23,"Oklahoma City Thunder","Portland Trail Blazers",111,115,-4,226,13,9,22
"7766",2014-12-23,"Phoenix Suns","Dallas Mavericks",124,115,9,239,14,14,28
"7767",2014-12-23,"Los Angeles Lakers","Golden State Warriors",115,105,10,220,13,11,24
"7768",2014-12-22,"Charlotte Hornets","Denver Nuggets",110,82,28,192,6,9,15
"7769",2014-12-22,"Chicago Bulls","Toronto Raptors",129,120,9,249,12,18,30
"7770",2014-12-22,"Houston Rockets","Portland Trail Blazers",110,95,15,205,7,5,12
"7771",2014-12-22,"Memphis Grizzlies","Utah Jazz",91,97,-6,188,5,10,15
"7772",2014-12-22,"Dallas Mavericks","Atlanta Hawks",102,105,-3,207,13,6,19
"7773",2014-12-22,"San Antonio Spurs","Los Angeles Clippers",125,118,7,243,2,11,13
"7774",2014-12-22,"Golden State Warriors","Sacramento Kings",128,108,20,236,10,9,19
"7775",2014-12-21,"Toronto Raptors","New York Knicks",118,108,10,226,16,8,24
"7776",2014-12-21,"Cleveland Cavaliers","Memphis Grizzlies",105,91,14,196,4,12,16
"7777",2014-12-21,"Sacramento Kings","Los Angeles Lakers",108,101,7,209,10,18,28
"7778",2014-12-21,"Brooklyn Nets","Detroit Pistons",110,105,5,215,3,18,21
"7779",2014-12-21,"Miami Heat","Boston Celtics",100,84,16,184,6,14,20
"7780",2014-12-21,"Orlando Magic","Philadelphia 76ers",88,96,-8,184,13,15,28
"7781",2014-12-21,"Washington Wizards","Phoenix Suns",92,104,-12,196,15,12,27
"7782",2014-12-21,"Minnesota Timberwolves","Indiana Pacers",96,100,-4,196,9,8,17
"7783",2014-12-21,"Oklahoma City Thunder","New Orleans Pelicans",99,101,-2,200,16,10,26
"7784",2014-12-20,"New York Knicks","Phoenix Suns",90,99,-9,189,17,12,29
"7785",2014-12-20,"New Orleans Pelicans","Portland Trail Blazers",88,114,-26,202,20,10,30
"7786",2014-12-20,"Charlotte Hornets","Utah Jazz",104,86,18,190,15,13,28
"7787",2014-12-20,"Houston Rockets","Atlanta Hawks",97,104,-7,201,15,4,19
"7788",2014-12-20,"Dallas Mavericks","San Antonio Spurs",99,93,6,192,13,12,25
"7789",2014-12-20,"Denver Nuggets","Indiana Pacers",76,73,3,149,9,11,20
"7790",2014-12-20,"Los Angeles Clippers","Milwaukee Bucks",106,102,4,208,11,10,21
"7791",2014-12-19,"Orlando Magic","Utah Jazz",94,101,-7,195,9,7,16
"7792",2014-12-19,"Philadelphia 76ers","Charlotte Hornets",91,109,-18,200,2,17,19
"7793",2014-12-19,"Boston Celtics","Minnesota Timberwolves",114,98,16,212,12,15,27
"7794",2014-12-19,"Cleveland Cavaliers","Brooklyn Nets",95,91,4,186,11,4,15
"7795",2014-12-19,"Detroit Pistons","Toronto Raptors",100,110,-10,210,14,9,23
"7796",2014-12-19,"Miami Heat","Washington Wizards",103,105,-2,208,5,13,18
"7797",2014-12-19,"Memphis Grizzlies","Chicago Bulls",97,103,-6,200,14,8,22
"7798",2014-12-19,"San Antonio Spurs","Portland Trail Blazers",119,129,-10,248,17,15,32
"7799",2014-12-19,"Denver Nuggets","Los Angeles Clippers",109,106,3,215,9,13,22
"7800",2014-12-19,"Los Angeles Lakers","Oklahoma City Thunder",103,104,-1,207,5,11,16
"7801",2014-12-18,"Chicago Bulls","New York Knicks",103,97,6,200,11,14,25
"7802",2014-12-18,"Houston Rockets","New Orleans Pelicans",90,99,-9,189,12,12,24
"7803",2014-12-18,"Sacramento Kings","Milwaukee Bucks",107,108,-1,215,4,5,9
"7804",2014-12-18,"Golden State Warriors","Oklahoma City Thunder",114,109,5,223,10,8,18
"7805",2014-12-17,"Charlotte Hornets","Phoenix Suns",106,111,-5,217,8,8,16
"7806",2014-12-17,"Cleveland Cavaliers","Atlanta Hawks",98,127,-29,225,10,6,16
"7807",2014-12-17,"Boston Celtics","Orlando Magic",109,92,17,201,7,10,17
"7808",2014-12-17,"Detroit Pistons","Dallas Mavericks",106,117,-11,223,10,9,19
"7809",2014-12-17,"Miami Heat","Utah Jazz",87,105,-18,192,8,6,14
"7810",2014-12-17,"Toronto Raptors","Brooklyn Nets",105,89,16,194,11,14,25
"7811",2014-12-17,"San Antonio Spurs","Memphis Grizzlies",116,117,-1,233,19,13,32
"7812",2014-12-17,"Portland Trail Blazers","Milwaukee Bucks",104,97,7,201,16,5,21
"7813",2014-12-17,"Los Angeles Clippers","Indiana Pacers",102,100,2,202,14,14,28
"7814",2014-12-17,"Denver Nuggets","Houston Rockets",111,115,-4,226,16,10,26
"7815",2014-12-16,"Washington Wizards","Minnesota Timberwolves",109,95,14,204,10,11,21
"7816",2014-12-16,"Brooklyn Nets","Miami Heat",91,95,-4,186,11,7,18
"7817",2014-12-16,"Memphis Grizzlies","Golden State Warriors",105,98,7,203,10,15,25
"7818",2014-12-16,"New Orleans Pelicans","Utah Jazz",119,111,8,230,9,18,27
"7819",2014-12-16,"New York Knicks","Dallas Mavericks",87,107,-20,194,10,10,20
"7820",2014-12-16,"Sacramento Kings","Oklahoma City Thunder",92,104,-12,196,13,12,25
"7821",2014-12-15,"Cleveland Cavaliers","Charlotte Hornets",97,88,9,185,8,5,13
"7822",2014-12-15,"Indiana Pacers","Los Angeles Lakers",110,91,19,201,11,11,22
"7823",2014-12-15,"Philadelphia 76ers","Boston Celtics",87,105,-18,192,16,16,32
"7824",2014-12-15,"Atlanta Hawks","Chicago Bulls",93,86,7,179,5,15,20
"7825",2014-12-15,"Toronto Raptors","Orlando Magic",95,82,13,177,12,6,18
"7826",2014-12-15,"Phoenix Suns","Milwaukee Bucks",94,96,-2,190,16,5,21
"7827",2014-12-15,"Portland Trail Blazers","San Antonio Spurs",108,95,13,203,11,9,20
"7828",2014-12-15,"Los Angeles Clippers","Detroit Pistons",113,91,22,204,12,17,29
"7829",2014-12-14,"New Orleans Pelicans","Golden State Warriors",122,128,-6,250,12,8,20
"7830",2014-12-14,"Miami Heat","Chicago Bulls",75,93,-18,168,13,8,21
"7831",2014-12-14,"Washington Wizards","Utah Jazz",93,84,9,177,10,12,22
"7832",2014-12-14,"Minnesota Timberwolves","Los Angeles Lakers",94,100,-6,194,14,11,25
"7833",2014-12-14,"Oklahoma City Thunder","Phoenix Suns",112,88,24,200,14,14,28
"7834",2014-12-14,"New York Knicks","Toronto Raptors",90,95,-5,185,12,9,21
"7835",2014-12-14,"Denver Nuggets","San Antonio Spurs",91,99,-8,190,15,11,26
"7836",2014-12-13,"Dallas Mavericks","Golden State Warriors",98,105,-7,203,17,9,26
"7837",2014-12-13,"Charlotte Hornets","Brooklyn Nets",87,114,-27,201,9,4,13
"7838",2014-12-13,"Indiana Pacers","Portland Trail Blazers",85,95,-10,180,12,11,23
"7839",2014-12-13,"Orlando Magic","Atlanta Hawks",100,99,1,199,7,9,16
"7840",2014-12-13,"Milwaukee Bucks","Los Angeles Clippers",111,106,5,217,6,10,16
"7841",2014-12-13,"Philadelphia 76ers","Memphis Grizzlies",115,120,-5,235,10,9,19
"7842",2014-12-13,"Houston Rockets","Denver Nuggets",108,96,12,204,13,15,28
"7843",2014-12-13,"Sacramento Kings","Detroit Pistons",90,95,-5,185,22,8,30
"7844",2014-12-12,"Chicago Bulls","Portland Trail Blazers",115,106,9,221,14,11,25
"7845",2014-12-12,"Washington Wizards","Los Angeles Clippers",104,96,8,200,9,12,21
"7846",2014-12-12,"Atlanta Hawks","Orlando Magic",87,81,6,168,5,9,14
"7847",2014-12-12,"Boston Celtics","New York Knicks",95,101,-6,196,12,11,23
"7848",2014-12-12,"Brooklyn Nets","Philadelphia 76ers",88,70,18,158,13,10,23
"7849",2014-12-12,"Toronto Raptors","Indiana Pacers",106,94,12,200,16,6,22
"7850",2014-12-12,"Memphis Grizzlies","Charlotte Hornets",113,107,6,220,7,13,20
"7851",2014-12-12,"Minnesota Timberwolves","Oklahoma City Thunder",92,111,-19,203,9,16,25
"7852",2014-12-12,"New Orleans Pelicans","Cleveland Cavaliers",119,114,5,233,6,11,17
"7853",2014-12-12,"Phoenix Suns","Detroit Pistons",103,105,-2,208,10,13,23
"7854",2014-12-12,"Utah Jazz","Miami Heat",95,100,-5,195,12,7,19
"7855",2014-12-12,"San Antonio Spurs","Los Angeles Lakers",110,112,-2,222,12,14,26
"7856",2014-12-11,"Oklahoma City Thunder","Cleveland Cavaliers",103,94,9,197,11,15,26
"7857",2014-12-11,"Sacramento Kings","Houston Rockets",109,113,-4,222,11,14,25
"7858",2014-12-10,"Charlotte Hornets","Boston Celtics",96,87,9,183,7,6,13
"7859",2014-12-10,"Indiana Pacers","Los Angeles Clippers",96,103,-7,199,12,10,22
"7860",2014-12-10,"Orlando Magic","Washington Wizards",89,91,-2,180,8,8,16
"7861",2014-12-10,"Atlanta Hawks","Philadelphia 76ers",95,79,16,174,16,7,23
"7862",2014-12-10,"Chicago Bulls","Brooklyn Nets",105,80,25,185,15,15,30
"7863",2014-12-10,"Minnesota Timberwolves","Portland Trail Blazers",90,82,8,172,20,11,31
"7864",2014-12-10,"Dallas Mavericks","New Orleans Pelicans",112,107,5,219,5,16,21
"7865",2014-12-10,"San Antonio Spurs","New York Knicks",109,95,14,204,8,10,18
"7866",2014-12-10,"Golden State Warriors","Houston Rockets",105,93,12,198,6,12,18
"7867",2014-12-10,"Denver Nuggets","Miami Heat",102,82,20,184,17,16,33
"7868",2014-12-09,"Cleveland Cavaliers","Toronto Raptors",105,101,4,206,12,12,24
"7869",2014-12-09,"Detroit Pistons","Portland Trail Blazers",86,98,-12,184,17,10,27
"7870",2014-12-09,"Memphis Grizzlies","Dallas Mavericks",114,105,9,219,12,12,24
"7871",2014-12-09,"New Orleans Pelicans","New York Knicks",104,93,11,197,12,6,18
"7872",2014-12-09,"Oklahoma City Thunder","Milwaukee Bucks",114,101,13,215,15,9,24
"7873",2014-12-09,"Phoenix Suns","Miami Heat",97,103,-6,200,10,9,19
"7874",2014-12-09,"Utah Jazz","San Antonio Spurs",100,96,4,196,8,11,19
"7875",2014-12-09,"Los Angeles Lakers","Sacramento Kings",98,95,3,193,14,9,23
"7876",2014-12-08,"Indiana Pacers","Atlanta Hawks",92,108,-16,200,8,6,14
"7877",2014-12-08,"Washington Wizards","Boston Celtics",133,132,1,265,11,14,25
"7878",2014-12-08,"Brooklyn Nets","Cleveland Cavaliers",88,110,-22,198,10,20,30
"7879",2014-12-08,"Toronto Raptors","Denver Nuggets",112,107,5,219,8,19,27
"7880",2014-12-08,"Minnesota Timberwolves","Golden State Warriors",86,102,-16,188,18,15,33
"7881",2014-12-08,"Sacramento Kings","Utah Jazz",101,92,9,193,10,11,21
"7882",2014-12-08,"Los Angeles Clippers","Phoenix Suns",121,120,1,241,10,7,17
"7883",2014-12-07,"Boston Celtics","Washington Wizards",101,93,8,194,9,16,25
"7884",2014-12-07,"Atlanta Hawks","Denver Nuggets",96,84,12,180,11,16,27
"7885",2014-12-07,"Memphis Grizzlies","Miami Heat",103,87,16,190,7,10,17
"7886",2014-12-07,"Detroit Pistons","Oklahoma City Thunder",94,96,-2,190,8,16,24
"7887",2014-12-07,"Dallas Mavericks","Milwaukee Bucks",125,102,23,227,8,11,19
"7888",2014-12-07,"New York Knicks","Portland Trail Blazers",99,103,-4,202,4,16,20
"7889",2014-12-07,"Los Angeles Lakers","New Orleans Pelicans",87,104,-17,191,7,9,16
"7890",2014-12-06,"Detroit Pistons","Philadelphia 76ers",101,108,-7,209,12,12,24
"7891",2014-12-06,"Chicago Bulls","Golden State Warriors",102,112,-10,214,17,15,32
"7892",2014-12-06,"Houston Rockets","Phoenix Suns",100,95,5,195,19,16,35
"7893",2014-12-06,"San Antonio Spurs","Minnesota Timberwolves",123,101,22,224,8,8,16
"7894",2014-12-06,"Sacramento Kings","Orlando Magic",96,105,-9,201,9,10,19
"7895",2014-12-06,"Los Angeles Clippers","New Orleans Pelicans",120,100,20,220,6,12,18
"7896",2014-12-05,"Charlotte Hornets","New York Knicks",103,102,1,205,10,4,14
"7897",2014-12-05,"Philadelphia 76ers","Oklahoma City Thunder",91,103,-12,194,19,6,25
"7898",2014-12-05,"Washington Wizards","Denver Nuggets",119,89,30,208,14,10,24
"7899",2014-12-05,"Boston Celtics","Los Angeles Lakers",113,96,17,209,10,7,17
"7900",2014-12-05,"Brooklyn Nets","Atlanta Hawks",75,98,-23,173,9,6,15
"7901",2014-12-05,"Toronto Raptors","Cleveland Cavaliers",91,105,-14,196,14,15,29
"7902",2014-12-05,"Memphis Grizzlies","San Antonio Spurs",101,107,-6,208,7,12,19
"7903",2014-12-05,"Minnesota Timberwolves","Houston Rockets",112,114,-2,226,14,7,21
"7904",2014-12-05,"Dallas Mavericks","Phoenix Suns",106,118,-12,224,16,7,23
"7905",2014-12-05,"Milwaukee Bucks","Miami Heat",109,85,24,194,12,3,15
"7906",2014-12-05,"Utah Jazz","Orlando Magic",93,98,-5,191,13,9,22
"7907",2014-12-05,"Sacramento Kings","Indiana Pacers",102,101,1,203,11,9,20
"7908",2014-12-04,"New York Knicks","Cleveland Cavaliers",87,90,-3,177,17,6,23
"7909",2014-12-04,"Portland Trail Blazers","Indiana Pacers",88,82,6,170,5,11,16
"7910",2014-12-04,"Golden State Warriors","New Orleans Pelicans",112,85,27,197,18,10,28
"7911",2014-12-03,"Charlotte Hornets","Chicago Bulls",95,102,-7,197,7,4,11
"7912",2014-12-03,"Washington Wizards","Los Angeles Lakers",111,95,16,206,12,9,21
"7913",2014-12-03,"Boston Celtics","Detroit Pistons",109,102,7,211,8,16,24
"7914",2014-12-03,"Brooklyn Nets","San Antonio Spurs",95,93,2,188,9,18,27
"7915",2014-12-03,"Miami Heat","Atlanta Hawks",102,112,-10,214,4,5,9
"7916",2014-12-03,"Houston Rockets","Memphis Grizzlies",105,96,9,201,23,10,33
"7917",2014-12-03,"Milwaukee Bucks","Dallas Mavericks",105,107,-2,212,8,17,25
"7918",2014-12-03,"Minnesota Timberwolves","Philadelphia 76ers",77,85,-8,162,11,13,24
"7919",2014-12-03,"Utah Jazz","Toronto Raptors",104,123,-19,227,13,8,21
"7920",2014-12-03,"Los Angeles Clippers","Orlando Magic",114,86,28,200,6,6,12
"7921",2014-12-02,"Cleveland Cavaliers","Milwaukee Bucks",111,108,3,219,7,12,19
"7922",2014-12-02,"Atlanta Hawks","Boston Celtics",109,105,4,214,4,9,13
"7923",2014-12-02,"Detroit Pistons","Los Angeles Lakers",96,106,-10,202,16,12,28
"7924",2014-12-02,"New York Knicks","Brooklyn Nets",93,98,-5,191,13,21,34
"7925",2014-12-02,"Chicago Bulls","Dallas Mavericks",129,132,-3,261,15,12,27
"7926",2014-12-02,"New Orleans Pelicans","Oklahoma City Thunder",112,104,8,216,16,9,25
"7927",2014-12-02,"Denver Nuggets","Portland Trail Blazers",103,105,-2,208,7,4,11
"7928",2014-12-02,"Phoenix Suns","Indiana Pacers",116,99,17,215,9,8,17
"7929",2014-12-02,"Sacramento Kings","Toronto Raptors",109,117,-8,226,13,13,26
"7930",2014-12-02,"Golden State Warriors","Orlando Magic",98,97,1,195,13,8,21
"7931",2014-12-01,"Philadelphia 76ers","San Antonio Spurs",103,109,-6,212,8,11,19
"7932",2014-12-01,"Washington Wizards","Miami Heat",107,86,21,193,7,7,14
"7933",2014-12-01,"Utah Jazz","Denver Nuggets",101,103,-2,204,14,8,22
"7934",2014-12-01,"Los Angeles Clippers","Minnesota Timberwolves",127,101,26,228,9,6,15
"7935",2014-11-30,"Boston Celtics","San Antonio Spurs",89,111,-22,200,12,10,22
"7936",2014-11-30,"Brooklyn Nets","Chicago Bulls",84,102,-18,186,7,7,14
"7937",2014-11-30,"Detroit Pistons","Golden State Warriors",93,104,-11,197,15,9,24
"7938",2014-11-30,"Sacramento Kings","Memphis Grizzlies",85,97,-12,182,11,10,21
"7939",2014-11-30,"New York Knicks","Miami Heat",79,86,-7,165,20,10,30
"7940",2014-11-30,"Phoenix Suns","Orlando Magic",90,93,-3,183,11,10,21
"7941",2014-11-30,"Portland Trail Blazers","Minnesota Timberwolves",107,93,14,200,15,11,26
"7942",2014-11-30,"Los Angeles Lakers","Toronto Raptors",129,122,7,251,12,14,26
"7943",2014-11-29,"Philadelphia 76ers","Dallas Mavericks",103,110,-7,213,22,13,35
"7944",2014-11-29,"Washington Wizards","New Orleans Pelicans",83,80,3,163,12,13,25
"7945",2014-11-29,"Atlanta Hawks","Charlotte Hornets",105,75,30,180,5,13,18
"7946",2014-11-29,"Cleveland Cavaliers","Indiana Pacers",109,97,12,206,9,15,24
"7947",2014-11-29,"Utah Jazz","Los Angeles Clippers",96,112,-16,208,12,9,21
"7948",2014-11-29,"Milwaukee Bucks","Houston Rockets",103,117,-14,220,8,13,21
"7949",2014-11-28,"Boston Celtics","Chicago Bulls",102,109,-7,211,12,18,30
"7950",2014-11-28,"Charlotte Hornets","Golden State Warriors",101,106,-5,207,8,16,24
"7951",2014-11-28,"Atlanta Hawks","New Orleans Pelicans",100,91,9,191,11,16,27
"7952",2014-11-28,"Detroit Pistons","Milwaukee Bucks",88,104,-16,192,14,10,24
"7953",2014-11-28,"Toronto Raptors","Dallas Mavericks",102,106,-4,208,15,6,21
"7954",2014-11-28,"Houston Rockets","Los Angeles Clippers",85,102,-17,187,8,8,16
"7955",2014-11-28,"Oklahoma City Thunder","New York Knicks",105,78,27,183,18,7,25
"7956",2014-11-28,"Indiana Pacers","Orlando Magic",98,83,15,181,17,2,19
"7957",2014-11-28,"San Antonio Spurs","Sacramento Kings",112,104,8,216,4,8,12
"7958",2014-11-28,"Denver Nuggets","Phoenix Suns",122,97,25,219,16,9,25
"7959",2014-11-28,"Portland Trail Blazers","Memphis Grizzlies",99,112,-13,211,15,8,23
"7960",2014-11-28,"Los Angeles Lakers","Minnesota Timberwolves",119,120,-1,239,12,6,18
"7961",2014-11-26,"Charlotte Hornets","Portland Trail Blazers",97,105,-8,202,10,10,20
"7962",2014-11-26,"Cleveland Cavaliers","Washington Wizards",113,87,26,200,7,7,14
"7963",2014-11-26,"Orlando Magic","Golden State Warriors",96,111,-15,207,12,8,20
"7964",2014-11-26,"Philadelphia 76ers","Brooklyn Nets",91,99,-8,190,13,4,17
"7965",2014-11-26,"Dallas Mavericks","New York Knicks",109,102,7,211,20,15,35
"7966",2014-11-26,"Atlanta Hawks","Toronto Raptors",115,126,-11,241,9,11,20
"7967",2014-11-26,"Detroit Pistons","Los Angeles Clippers",98,104,-6,202,12,9,21
"7968",2014-11-26,"Houston Rockets","Sacramento Kings",102,89,13,191,13,10,23
"7969",2014-11-26,"Minnesota Timberwolves","Milwaukee Bucks",86,103,-17,189,14,13,27
"7970",2014-11-26,"Oklahoma City Thunder","Utah Jazz",97,82,15,179,12,8,20
"7971",2014-11-26,"San Antonio Spurs","Indiana Pacers",106,100,6,206,8,7,15
"7972",2014-11-26,"Phoenix Suns","Denver Nuggets",120,112,8,232,13,20,33
"7973",2014-11-26,"Los Angeles Lakers","Memphis Grizzlies",93,99,-6,192,12,10,22
"7974",2014-11-25,"Washington Wizards","Atlanta Hawks",102,106,-4,208,16,12,28
"7975",2014-11-25,"Miami Heat","Golden State Warriors",97,114,-17,211,12,5,17
"7976",2014-11-25,"Milwaukee Bucks","Detroit Pistons",98,86,12,184,19,8,27
"7977",2014-11-25,"New Orleans Pelicans","Sacramento Kings",89,99,-10,188,14,7,21
"7978",2014-11-25,"Denver Nuggets","Chicago Bulls",114,109,5,223,14,11,25
"7979",2014-11-24,"Charlotte Hornets","Los Angeles Clippers",92,113,-21,205,5,8,13
"7980",2014-11-24,"Cleveland Cavaliers","Orlando Magic",106,74,32,180,12,13,25
"7981",2014-11-24,"Philadelphia 76ers","Portland Trail Blazers",104,114,-10,218,7,18,25
"7982",2014-11-24,"Toronto Raptors","Phoenix Suns",104,100,4,204,8,11,19
"7983",2014-11-24,"Houston Rockets","New York Knicks",91,86,5,177,10,9,19
"7984",2014-11-24,"Dallas Mavericks","Indiana Pacers",100,111,-11,211,6,8,14
"7985",2014-11-24,"Utah Jazz","Chicago Bulls",95,97,-2,192,11,7,18
"7986",2014-11-23,"Memphis Grizzlies","Los Angeles Clippers",107,91,16,198,12,5,17
"7987",2014-11-23,"Boston Celtics","Portland Trail Blazers",88,94,-6,182,12,10,22
"7988",2014-11-23,"Miami Heat","Charlotte Hornets",94,93,1,187,3,5,8
"7989",2014-11-23,"Oklahoma City Thunder","Golden State Warriors",86,91,-5,177,13,13,26
"7990",2014-11-23,"Los Angeles Lakers","Denver Nuggets",94,101,-7,195,9,14,23
"7991",2014-11-22,"Indiana Pacers","Phoenix Suns",83,106,-23,189,15,13,28
"7992",2014-11-22,"Orlando Magic","Miami Heat",92,99,-7,191,18,7,25
"7993",2014-11-22,"Cleveland Cavaliers","Toronto Raptors",93,110,-17,203,11,8,19
"7994",2014-11-22,"New York Knicks","Philadelphia 76ers",91,83,8,174,6,10,16
"7995",2014-11-22,"Houston Rockets","Dallas Mavericks",95,92,3,187,14,16,30
"7996",2014-11-22,"Minnesota Timberwolves","Sacramento Kings",101,113,-12,214,15,14,29
"7997",2014-11-22,"Milwaukee Bucks","Washington Wizards",100,111,-11,211,8,20,28
"7998",2014-11-22,"San Antonio Spurs","Brooklyn Nets",99,87,12,186,6,13,19
"7999",2014-11-22,"Utah Jazz","New Orleans Pelicans",94,106,-12,200,11,18,29
"8000",2014-11-21,"Charlotte Hornets","Orlando Magic",100,105,-5,205,10,6,16
"8001",2014-11-21,"Philadelphia 76ers","Phoenix Suns",96,122,-26,218,10,11,21
"8002",2014-11-21,"Atlanta Hawks","Detroit Pistons",99,89,10,188,8,13,21
"8003",2014-11-21,"Toronto Raptors","Milwaukee Bucks",124,82,42,206,15,8,23
"8004",2014-11-21,"Memphis Grizzlies","Boston Celtics",117,100,17,217,9,9,18
"8005",2014-11-21,"Minnesota Timberwolves","San Antonio Spurs",92,121,-29,213,11,14,25
"8006",2014-11-21,"Oklahoma City Thunder","Brooklyn Nets",92,94,-2,186,13,10,23
"8007",2014-11-21,"Washington Wizards","Cleveland Cavaliers",91,78,13,169,10,9,19
"8008",2014-11-21,"Dallas Mavericks","Los Angeles Lakers",140,106,34,246,11,13,24
"8009",2014-11-21,"Denver Nuggets","New Orleans Pelicans",117,97,20,214,8,8,16
"8010",2014-11-21,"Golden State Warriors","Utah Jazz",101,88,13,189,6,14,20
"8011",2014-11-21,"Portland Trail Blazers","Chicago Bulls",105,87,18,192,6,11,17
"8012",2014-11-20,"Miami Heat","Los Angeles Clippers",93,110,-17,203,6,4,10
"8013",2014-11-20,"Sacramento Kings","Chicago Bulls",103,88,15,191,7,13,20
"8014",2014-11-19,"Cleveland Cavaliers","San Antonio Spurs",90,92,-2,182,10,10,20
"8015",2014-11-19,"Indiana Pacers","Charlotte Hornets",88,86,2,174,14,12,26
"8016",2014-11-19,"Orlando Magic","Los Angeles Clippers",90,114,-24,204,11,2,13
"8017",2014-11-19,"Philadelphia 76ers","Boston Celtics",90,101,-11,191,9,7,16
"8018",2014-11-19,"Washington Wizards","Dallas Mavericks",102,105,-3,207,9,10,19
"8019",2014-11-19,"Brooklyn Nets","Milwaukee Bucks",118,122,-4,240,10,16,26
"8020",2014-11-19,"Detroit Pistons","Phoenix Suns",86,88,-2,174,15,5,20
"8021",2014-11-19,"Toronto Raptors","Memphis Grizzlies",96,92,4,188,7,15,22
"8022",2014-11-19,"Minnesota Timberwolves","New York Knicks",115,99,16,214,15,8,23
"8023",2014-11-19,"Denver Nuggets","Oklahoma City Thunder",107,100,7,207,12,13,25
"8024",2014-11-19,"Houston Rockets","Los Angeles Lakers",92,98,-6,190,6,14,20
"8025",2014-11-18,"Atlanta Hawks","Los Angeles Lakers",109,114,-5,223,13,13,26
"8026",2014-11-18,"Milwaukee Bucks","New York Knicks",117,113,4,230,17,11,28
"8027",2014-11-18,"Utah Jazz","Oklahoma City Thunder",98,81,17,179,12,12,24
"8028",2014-11-18,"Sacramento Kings","New Orleans Pelicans",100,106,-6,206,17,4,21
"8029",2014-11-17,"Charlotte Hornets","Dallas Mavericks",80,107,-27,187,7,10,17
"8030",2014-11-17,"Cleveland Cavaliers","Denver Nuggets",97,106,-9,203,9,9,18
"8031",2014-11-17,"Boston Celtics","Phoenix Suns",114,118,-4,232,11,8,19
"8032",2014-11-17,"Brooklyn Nets","Miami Heat",83,95,-12,178,11,10,21
"8033",2014-11-17,"Detroit Pistons","Orlando Magic",93,107,-14,200,10,6,16
"8034",2014-11-17,"Memphis Grizzlies","Houston Rockets",119,93,26,212,10,10,20
"8035",2014-11-17,"San Antonio Spurs","Philadelphia 76ers",100,75,25,175,6,5,11
"8036",2014-11-17,"Portland Trail Blazers","New Orleans Pelicans",102,93,9,195,10,13,23
"8037",2014-11-17,"Los Angeles Clippers","Chicago Bulls",89,105,-16,194,9,9,18
"8038",2014-11-16,"New York Knicks","Denver Nuggets",109,93,16,202,8,10,18
"8039",2014-11-16,"Miami Heat","Milwaukee Bucks",84,91,-7,175,6,5,11
"8040",2014-11-16,"Oklahoma City Thunder","Houston Rockets",65,69,-4,134,11,22,33
"8041",2014-11-16,"Los Angeles Lakers","Golden State Warriors",115,136,-21,251,20,11,31
"8042",2014-11-15,"Washington Wizards","Orlando Magic",98,93,5,191,9,9,18
"8043",2014-11-15,"Cleveland Cavaliers","Atlanta Hawks",127,94,33,221,12,11,23
"8044",2014-11-15,"Toronto Raptors","Utah Jazz",111,93,18,204,13,10,23
"8045",2014-11-15,"Chicago Bulls","Indiana Pacers",90,99,-9,189,10,10,20
"8046",2014-11-15,"Memphis Grizzlies","Detroit Pistons",95,88,7,183,18,9,27
"8047",2014-11-15,"Dallas Mavericks","Minnesota Timberwolves",131,117,14,248,12,12,24
"8048",2014-11-15,"Portland Trail Blazers","Brooklyn Nets",97,87,10,184,13,12,25
"8049",2014-11-15,"Sacramento Kings","San Antonio Spurs",94,91,3,185,8,7,15
"8050",2014-11-15,"Golden State Warriors","Charlotte Hornets",112,87,25,199,11,10,21
"8051",2014-11-15,"Los Angeles Clippers","Phoenix Suns",120,107,13,227,4,16,20
"8052",2014-11-14,"Indiana Pacers","Denver Nuggets",87,108,-21,195,11,13,24
"8053",2014-11-14,"Orlando Magic","Milwaukee Bucks",101,85,16,186,10,5,15
"8054",2014-11-14,"Atlanta Hawks","Miami Heat",114,103,11,217,3,5,8
"8055",2014-11-14,"Boston Celtics","Cleveland Cavaliers",121,122,-1,243,8,8,16
"8056",2014-11-14,"New York Knicks","Utah Jazz",100,102,-2,202,7,11,18
"8057",2014-11-14,"Houston Rockets","Philadelphia 76ers",88,87,1,175,13,14,27
"8058",2014-11-14,"New Orleans Pelicans","Minnesota Timberwolves",139,91,48,230,3,11,14
"8059",2014-11-14,"Oklahoma City Thunder","Detroit Pistons",89,96,-7,185,10,14,24
"8060",2014-11-14,"Phoenix Suns","Charlotte Hornets",95,103,-8,198,11,14,25
"8061",2014-11-14,"Los Angeles Lakers","San Antonio Spurs",80,93,-13,173,11,7,18
"8062",2014-11-13,"Memphis Grizzlies","Sacramento Kings",111,110,1,221,8,13,21
"8063",2014-11-13,"Toronto Raptors","Chicago Bulls",93,100,-7,193,13,13,26
"8064",2014-11-13,"Dallas Mavericks","Philadelphia 76ers",123,70,53,193,9,18,27
"8065",2014-11-13,"Golden State Warriors","Brooklyn Nets",107,99,8,206,14,7,21
"8066",2014-11-12,"Washington Wizards","Detroit Pistons",107,103,4,210,11,7,18
"8067",2014-11-12,"Atlanta Hawks","Utah Jazz",100,97,3,197,13,8,21
"8068",2014-11-12,"Boston Celtics","Oklahoma City Thunder",94,109,-15,203,7,8,15
"8069",2014-11-12,"Miami Heat","Indiana Pacers",75,81,-6,156,6,16,22
"8070",2014-11-12,"New York Knicks","Orlando Magic",95,97,-2,192,11,4,15
"8071",2014-11-12,"New Orleans Pelicans","Los Angeles Lakers",109,102,7,211,8,11,19
"8072",2014-11-12,"Denver Nuggets","Portland Trail Blazers",113,130,-17,243,15,12,27
"8073",2014-11-12,"Phoenix Suns","Brooklyn Nets",112,104,8,216,12,8,20
"8074",2014-11-12,"Minnesota Timberwolves","Houston Rockets",101,113,-12,214,9,13,22
"8075",2014-11-11,"Toronto Raptors","Orlando Magic",104,100,4,204,5,6,11
"8076",2014-11-11,"Memphis Grizzlies","Los Angeles Lakers",107,102,5,209,12,15,27
"8077",2014-11-11,"Milwaukee Bucks","Oklahoma City Thunder",85,78,7,163,14,13,27
"8078",2014-11-11,"Dallas Mavericks","Sacramento Kings",106,98,8,204,9,12,21
"8079",2014-11-11,"Portland Trail Blazers","Charlotte Hornets",102,100,2,202,15,6,21
"8080",2014-11-11,"Golden State Warriors","San Antonio Spurs",100,113,-13,213,1,8,9
"8081",2014-11-10,"Cleveland Cavaliers","New Orleans Pelicans",118,111,7,229,12,14,26
"8082",2014-11-10,"Indiana Pacers","Utah Jazz",97,86,11,183,13,5,18
"8083",2014-11-10,"New York Knicks","Atlanta Hawks",85,91,-6,176,11,9,20
"8084",2014-11-10,"Chicago Bulls","Detroit Pistons",102,91,11,193,9,9,18
"8085",2014-11-10,"Los Angeles Clippers","San Antonio Spurs",85,89,-4,174,8,10,18
"8086",2014-11-09,"Brooklyn Nets","Orlando Magic",104,96,8,200,14,5,19
"8087",2014-11-09,"Detroit Pistons","Utah Jazz",96,97,-1,193,18,9,27
"8088",2014-11-09,"Oklahoma City Thunder","Sacramento Kings",101,93,8,194,11,9,20
"8089",2014-11-09,"Toronto Raptors","Philadelphia 76ers",120,88,32,208,4,11,15
"8090",2014-11-09,"Dallas Mavericks","Miami Heat",96,105,-9,201,15,6,21
"8091",2014-11-09,"Phoenix Suns","Golden State Warriors",107,95,12,202,9,3,12
"8092",2014-11-09,"Portland Trail Blazers","Denver Nuggets",116,100,16,216,16,18,34
"8093",2014-11-09,"Los Angeles Lakers","Charlotte Hornets",107,92,15,199,8,12,20
"8094",2014-11-08,"Los Angeles Clippers","Portland Trail Blazers",106,102,4,208,8,9,17
"8095",2014-11-08,"Indiana Pacers","Washington Wizards",90,97,-7,187,8,13,21
"8096",2014-11-08,"Atlanta Hawks","New York Knicks",103,96,7,199,12,13,25
"8097",2014-11-08,"Miami Heat","Minnesota Timberwolves",102,92,10,194,6,17,23
"8098",2014-11-08,"Chicago Bulls","Boston Celtics",101,106,-5,207,11,7,18
"8099",2014-11-08,"Houston Rockets","Golden State Warriors",87,98,-11,185,16,15,31
"8100",2014-11-08,"Milwaukee Bucks","Memphis Grizzlies",93,92,1,185,16,15,31
"8101",2014-11-08,"San Antonio Spurs","New Orleans Pelicans",99,100,-1,199,17,6,23
"8102",2014-11-07,"Charlotte Hornets","Atlanta Hawks",122,119,3,241,11,7,18
"8103",2014-11-07,"Orlando Magic","Minnesota Timberwolves",112,103,9,215,12,9,21
"8104",2014-11-07,"Philadelphia 76ers","Chicago Bulls",115,118,-3,233,17,12,29
"8105",2014-11-07,"Boston Celtics","Indiana Pacers",101,98,3,199,9,14,23
"8106",2014-11-07,"Brooklyn Nets","New York Knicks",110,99,11,209,7,15,22
"8107",2014-11-07,"Detroit Pistons","Milwaukee Bucks",98,95,3,193,12,9,21
"8108",2014-11-07,"Toronto Raptors","Washington Wizards",103,84,19,187,10,16,26
"8109",2014-11-07,"Oklahoma City Thunder","Memphis Grizzlies",89,91,-2,180,10,9,19
"8110",2014-11-07,"Phoenix Suns","Sacramento Kings",112,114,-2,226,9,13,22
"8111",2014-11-07,"Utah Jazz","Dallas Mavericks",82,105,-23,187,9,13,22
"8112",2014-11-07,"Denver Nuggets","Cleveland Cavaliers",101,110,-9,211,8,6,14
"8113",2014-11-06,"Houston Rockets","San Antonio Spurs",98,81,17,179,8,12,20
"8114",2014-11-06,"Portland Trail Blazers","Dallas Mavericks",108,87,21,195,12,8,20
"8115",2014-11-05,"Charlotte Hornets","Miami Heat",96,89,7,185,13,6,19
"8116",2014-11-05,"Philadelphia 76ers","Orlando Magic",89,91,-2,180,6,14,20
"8117",2014-11-05,"Boston Celtics","Toronto Raptors",107,110,-3,217,17,6,23
"8118",2014-11-05,"Brooklyn Nets","Minnesota Timberwolves",91,98,-7,189,7,13,20
"8119",2014-11-05,"Detroit Pistons","New York Knicks",98,95,3,193,19,11,30
"8120",2014-11-05,"Milwaukee Bucks","Chicago Bulls",86,95,-9,181,18,7,25
"8121",2014-11-05,"Washington Wizards","Indiana Pacers",96,94,2,190,7,14,21
"8122",2014-11-05,"San Antonio Spurs","Atlanta Hawks",94,92,2,186,11,10,21
"8123",2014-11-05,"Phoenix Suns","Memphis Grizzlies",91,102,-11,193,5,8,13
"8124",2014-11-05,"Utah Jazz","Cleveland Cavaliers",102,100,2,202,13,7,20
"8125",2014-11-05,"Sacramento Kings","Denver Nuggets",131,109,22,240,9,7,16
"8126",2014-11-05,"Golden State Warriors","Los Angeles Clippers",121,104,17,225,4,5,9
"8127",2014-11-04,"Indiana Pacers","Milwaukee Bucks",81,87,-6,168,15,9,24
"8128",2014-11-04,"Miami Heat","Houston Rockets",91,108,-17,199,13,9,22
"8129",2014-11-04,"New York Knicks","Washington Wizards",83,98,-15,181,15,10,25
"8130",2014-11-04,"Toronto Raptors","Oklahoma City Thunder",100,88,12,188,12,6,18
"8131",2014-11-04,"Chicago Bulls","Orlando Magic",98,90,8,188,10,14,24
"8132",2014-11-04,"New Orleans Pelicans","Charlotte Hornets",100,91,9,191,11,6,17
"8133",2014-11-04,"Portland Trail Blazers","Cleveland Cavaliers",101,82,19,183,9,13,22
"8134",2014-11-04,"Los Angeles Lakers","Phoenix Suns",106,112,-6,218,18,13,31
"8135",2014-11-03,"Philadelphia 76ers","Houston Rockets",93,104,-11,197,6,13,19
"8136",2014-11-03,"Brooklyn Nets","Oklahoma City Thunder",116,85,31,201,9,15,24
"8137",2014-11-03,"Memphis Grizzlies","New Orleans Pelicans",93,81,12,174,9,14,23
"8138",2014-11-03,"Dallas Mavericks","Boston Celtics",118,113,5,231,7,22,29
"8139",2014-11-03,"Denver Nuggets","Sacramento Kings",105,110,-5,215,15,14,29
"8140",2014-11-03,"Los Angeles Clippers","Utah Jazz",107,101,6,208,5,9,14
"8141",2014-11-02,"Los Angeles Clippers","Sacramento Kings",92,98,-6,190,11,9,20
"8142",2014-11-02,"Miami Heat","Toronto Raptors",107,102,5,209,11,9,20
"8143",2014-11-02,"New York Knicks","Charlotte Hornets",96,93,3,189,8,8,16
"8144",2014-11-02,"Portland Trail Blazers","Golden State Warriors",90,95,-5,185,17,7,24
"8145",2014-11-01,"New Orleans Pelicans","Dallas Mavericks",104,109,-5,213,14,11,25
"8146",2014-11-01,"Charlotte Hornets","Memphis Grizzlies",69,71,-2,140,5,9,14
"8147",2014-11-01,"Orlando Magic","Toronto Raptors",95,108,-13,203,9,15,24
"8148",2014-11-01,"Philadelphia 76ers","Miami Heat",96,114,-18,210,4,9,13
"8149",2014-11-01,"Washington Wizards","Milwaukee Bucks",108,97,11,205,6,16,22
"8150",2014-11-01,"Atlanta Hawks","Indiana Pacers",102,92,10,194,3,11,14
"8151",2014-11-01,"Detroit Pistons","Brooklyn Nets",90,102,-12,192,10,12,22
"8152",2014-11-01,"Houston Rockets","Boston Celtics",104,90,14,194,10,14,24
"8153",2014-11-01,"Minnesota Timberwolves","Chicago Bulls",105,106,-1,211,13,5,18
"8154",2014-11-01,"Oklahoma City Thunder","Denver Nuggets",102,91,11,193,6,11,17
"8155",2014-11-01,"Utah Jazz","Phoenix Suns",118,91,27,209,13,6,19
"8156",2014-11-01,"Golden State Warriors","Los Angeles Lakers",127,104,23,231,12,17,29
"8157",2014-10-31,"Indiana Pacers","Memphis Grizzlies",89,97,-8,186,11,11,22
"8158",2014-10-31,"Chicago Bulls","Cleveland Cavaliers",108,114,-6,222,11,20,31
"8159",2014-10-31,"Milwaukee Bucks","Philadelphia 76ers",93,81,12,174,15,12,27
"8160",2014-10-31,"Phoenix Suns","San Antonio Spurs",94,89,5,183,12,5,17
"8161",2014-10-31,"Sacramento Kings","Portland Trail Blazers",103,94,9,197,14,10,24
"8162",2014-10-31,"Los Angeles Lakers","Los Angeles Clippers",111,118,-7,229,9,6,15
"8163",2014-10-30,"Orlando Magic","Washington Wizards",98,105,-7,203,3,6,9
"8164",2014-10-30,"Minnesota Timberwolves","Detroit Pistons",97,91,6,188,10,14,24
"8165",2014-10-30,"Cleveland Cavaliers","New York Knicks",90,95,-5,185,11,9,20
"8166",2014-10-30,"Dallas Mavericks","Utah Jazz",120,102,18,222,13,15,28
"8167",2014-10-30,"Los Angeles Clippers","Oklahoma City Thunder",93,90,3,183,14,8,22
"8168",2014-10-29,"Charlotte Hornets","Milwaukee Bucks",108,106,2,214,15,3,18
"8169",2014-10-29,"Indiana Pacers","Philadelphia 76ers",103,91,12,194,14,15,29
"8170",2014-10-29,"Boston Celtics","Brooklyn Nets",121,105,16,226,9,9,18
"8171",2014-10-29,"Miami Heat","Washington Wizards",107,95,12,202,12,7,19
"8172",2014-10-29,"Toronto Raptors","Atlanta Hawks",109,102,7,211,16,10,26
"8173",2014-10-29,"Memphis Grizzlies","Minnesota Timberwolves",105,101,4,206,10,19,29
"8174",2014-10-29,"New York Knicks","Chicago Bulls",80,104,-24,184,14,10,24
"8175",2014-10-29,"Denver Nuggets","Detroit Pistons",89,79,10,168,14,8,22
"8176",2014-10-29,"Utah Jazz","Houston Rockets",93,104,-11,197,13,8,21
"8177",2014-10-29,"Phoenix Suns","Los Angeles Lakers",119,99,20,218,9,12,21
"8178",2014-10-29,"Sacramento Kings","Golden State Warriors",77,95,-18,172,15,7,22
"8179",2014-10-29,"Portland Trail Blazers","Oklahoma City Thunder",106,89,17,195,13,14,27
"8180",2014-10-28,"New Orleans Pelicans","Orlando Magic",101,84,17,185,26,16,42
"8181",2014-10-28,"San Antonio Spurs","Dallas Mavericks",101,100,1,201,9,9,18
"8182",2014-10-28,"Los Angeles Lakers","Houston Rockets",90,108,-18,198,11,14,25
